301 346 
266 949 
339 949 
315 865 
370 596 
869 919 
194 353 
425 973 
452 981 
184 700 
359 573 
599 729 
270 327 
7 70 
409 975 
340 836 
306 332 
594 621 
491 567 
73 272 
27 652 
638 902 
424 849 
542 956 
18 556 
282 429 
3 508 
161 330 
45 330 
443 820 
859 868 
685 978 
31 118 
394 430 
36 381 
37 925 
457 693 
315 589 
697 976 
50 94 
12 348 
175 368 
795 815 
302 608 
68 121 
2 424 
261 891 
719 767 
89 518 
74 227 
753 815 
222 975 
27 841 
197 709 
477 916 
328 735 
336 699 
542 887 
455 679 
48 752 
162 212 
842 966 
174 425 
102 822 
98 105 
73 143 
165 927 
136 498 
98 343 
101 349 
473 793 
406 810 
189 741 
22 418 
575 977 
722 843 
573 583 
142 949 
584 746 
273 425 
162 922 
432 910 
486 909 
109 875 
65 310 
456 476 
12 619 
457 860 
124 801 
280 311 
127 272 
153 847 
146 475 
35 265 
171 264 
447 994 
243 323 
231 496 
229 363 
618 997 
637 764 
177 370 
138 534 
30 388 
412 513 
343 882 
475 536 
470 795 
609 983 
412 698 
15 517 
200 649 
18 608 
439 490 
919 964 
211 476 
125 901 
652 864 
452 899 
416 549 
722 982 
454 827 
135 954 
200 298 
273 390 
396 821 
395 471 
167 867 
337 527 
24 772 
681 851 
152 751 
431 984 
168 901 
658 797 
74 97 
575 580 
761 882 
505 736 
262 923 
365 367 
156 501 
552 743 
237 534 
714 938 
109 802 
113 135 
402 856 
127 848 
134 999 
101 667 
203 608 
646 747 
434 565 
312 427 
194 644 
22 286 
369 508 
879 915 
29 663 
838 913 
34 405 
16 229 
485 899 
615 782 
317 805 
296 953 
209 865 
400 498 
627 671 
122 808 
810 913 
132 895 
532 776 
530 740 
408 822 
103 719 
526 880 
667 851 
324 795 
103 940 
330 702 
171 800 
333 735 
34 409 
366 702 
326 866 
590 655 
65 199 
932 944 
785 1000 
336 661 
334 714 
566 689 
447 917 
334 884 
505 960 
90 529 
568 886 
21 668 
164 691 
345 817 
65 206 
480 961 
183 841 
650 701 
301 653 
628 958 
228 704 
256 959 
370 762 
247 702 
357 940 
120 167 
290 951 
308 887 
118 120 
473 723 
254 324 
248 752 
135 606 
17 122 
778 911 
513 757 
83 705 
514 718 
472 921 
157 552 
644 684 
874 918 
12 166 
344 424 
150 772 
111 510 
324 718 
35 649 
73 353 
465 469 
192 989 
311 934 
326 352 
93 204 
310 531 
382 543 
62 929 
224 319 
396 444 
185 607 
110 685 
933 935 
150 818 
435 627 
59 593 
173 540 
151 465 
633 760 
189 814 
274 444 
16 191 
74 387 
654 988 
589 680 
37 397 
296 459 
137 946 
591 829 
101 763 
205 574 
740 741 
333 706 
395 623 
44 312 
793 963 
736 985 
112 184 
54 502 
291 834 
222 820 
329 719 
146 945 
184 843 
391 545 
488 506 
429 463 
120 768 
526 730 
418 837 
349 636 
85 736 
73 371 
276 659 
362 407 
868 948 
209 992 
181 856 
74 924 
435 848 
266 471 
604 999 
532 841 
299 919 
78 537 
348 496 
21 750 
626 859 
623 764 
163 572 
269 305 
772 782 
241 255 
68 78 
25 629 
652 782 
656 952 
654 885 
287 459 
9 34 
422 836 
4 928 
343 942 
689 713 
160 739 
189 476 
86 340 
12 142 
480 542 
87 326 
563 680 
154 518 
40 59 
46 587 
170 547 
121 391 
380 881 
198 251 
86 230 
654 763 
220 413 
213 551 
142 773 
485 878 
183 578 
9 104 
124 605 
529 559 
868 947 
56 148 
727 773 
376 856 
355 392 
475 834 
363 896 
132 605 
261 364 
355 426 
171 219 
193 462 
46 69 
34 50 
353 623 
69 734 
535 998 
733 985 
650 816 
55 403 
612 655 
668 969 
195 363 
435 782 
124 631 
311 901 
148 890 
126 554 
102 278 
64 554 
436 553 
273 537 
740 986 
350 584 
36 128 
326 634 
646 801 
30 352 
148 367 
444 772 
85 866 
429 822 
350 959 
425 961 
123 606 
566 604 
195 982 
484 920 
346 760 
123 677 
373 899 
77 766 
365 415 
342 757 
319 892 
278 983 
206 909 
756 906 
205 406 
231 477 
177 198 
379 945 
121 285 
204 507 
473 881 
787 819 
85 427 
179 544 
754 953 
289 996 
39 83 
583 836 
704 980 
243 487 
614 884 
550 742 
593 910 
702 992 
695 831 
201 592 
192 480 
233 302 
39 243 
39 291 
339 902 
334 523 
234 643 
517 557 
84 329 
345 815 
260 395 
78 228 
385 469 
331 337 
574 969 
18 614 
97 255 
746 803 
141 197 
854 925 
213 853 
43 52 
375 917 
340 551 
339 922 
717 839 
401 585 
775 968 
196 447 
14 795 
263 706 
185 567 
188 379 
712 866 
504 864 
65 160 
358 538 
257 457 
738 973 
739 917 
618 772 
432 498 
219 998 
69 516 
370 923 
576 873 
503 846 
39 216 
162 555 
358 830 
307 947 
298 560 
236 831 
768 971 
212 812 
183 729 
27 56 
319 820 
60 360 
323 418 
608 861 
42 689 
256 366 
206 961 
337 845 
399 905 
59 464 
173 805 
137 740 
614 837 
322 698 
172 277 
868 937 
19 881 
674 884 
42 986 
246 802 
150 649 
170 233 
69 445 
129 842 
249 856 
869 899 
740 883 
18 734 
287 525 
560 598 
481 602 
122 713 
4 40 
385 690 
439 764 
786 915 
78 139 
561 867 
819 954 
218 584 
213 663 
20 141 
341 853 
111 159 
256 272 
194 713 
291 782 
508 603 
84 630 
244 560 
122 856 
341 961 
549 953 
116 753 
539 848 
654 812 
182 229 
434 595 
355 731 
154 874 
5 143 
112 600 
364 838 
574 742 
562 932 
162 263 
453 528 
200 983 
178 446 
43 936 
367 482 
165 599 
196 864 
80 534 
204 851 
17 572 
323 936 
191 686 
99 123 
342 693 
3 20 
657 899 
92 798 
236 345 
524 990 
4 670 
421 618 
386 758 
115 399 
232 482 
40 98 
687 874 
203 768 
355 702 
554 619 
273 777 
85 741 
135 697 
510 692 
385 548 
163 895 
178 773 
531 704 
70 153 
474 741 
338 478 
761 804 
90 911 
35 470 
113 741 
440 689 
92 777 
89 679 
267 862 
791 872 
156 292 
261 264 
410 426 
283 980 
638 683 
213 950 
345 739 
720 754 
264 751 
662 762 
318 556 
615 979 
124 509 
823 880 
110 861 
539 832 
90 485 
189 358 
818 848 
125 903 
788 879 
610 709 
88 154 
85 179 
708 926 
58 399 
387 601 
301 505 
638 766 
50 247 
303 723 
87 292 
475 591 
597 995 
606 796 
149 879 
10 393 
649 928 
200 742 
67 431 
525 775 
17 124 
444 893 
681 738 
308 515 
849 897 
153 296 
262 560 
547 996 
9 587 
170 728 
537 1000 
40 694 
16 757 
230 792 
203 457 
353 834 
641 680 
836 890 
900 987 
402 488 
179 657 
83 337 
549 812 
37 867 
144 377 
5 73 
283 600 
103 929 
8 178 
943 954 
618 624 
34 551 
45 440 
387 572 
552 838 
486 561 
35 935 
177 462 
618 857 
9 563 
186 683 
84 116 
163 704 
168 937 
319 395 
772 868 
552 712 
380 477 
658 820 
188 812 
212 697 
209 518 
237 664 
232 914 
161 591 
163 831 
27 154 
314 807 
198 271 
9 320 
50 539 
178 189 
160 598 
741 826 
24 606 
353 604 
88 718 
425 611 
89 784 
32 689 
204 305 
187 589 
115 901 
245 982 
390 445 
411 826 
448 980 
745 949 
230 448 
391 982 
698 953 
272 278 
75 762 
189 538 
433 933 
22 784 
12 174 
308 410 
450 910 
211 292 
72 288 
124 589 
309 408 
124 499 
871 992 
214 401 
219 931 
113 876 
116 498 
196 972 
512 888 
204 416 
312 738 
590 668 
550 862 
507 623 
476 726 
708 858 
685 849 
479 842 
320 418 
650 958 
575 847 
839 874 
289 340 
296 731 
156 335 
204 749 
721 872 
185 370 
148 718 
468 716 
259 262 
583 812 
208 415 
91 753 
256 266 
773 874 
152 394 
369 490 
426 814 
336 951 
71 180 
588 620 
273 387 
196 369 
157 806 
428 610 
393 957 
306 434 
505 919 
363 416 
21 762 
311 976 
157 745 
703 987 
5 336 
956 996 
474 533 
386 961 
384 885 
494 717 
615 725 
441 731 
607 641 
728 875 
164 396 
117 727 
49 744 
402 449 
423 574 
702 849 
485 770 
442 813 
727 805 
194 563 
374 768 
54 223 
378 861 
486 980 
192 427 
107 166 
657 810 
164 380 
788 887 
421 882 
353 744 
104 194 
213 598 
69 674 
10 228 
572 773 
103 567 
600 826 
272 366 
568 861 
473 753 
575 777 
346 497 
206 800 
329 621 
163 958 
415 471 
249 374 
633 940 
222 463 
409 801 
342 361 
162 634 
635 641 
148 633 
547 755 
250 902 
151 987 
21 574 
206 505 
215 584 
509 896 
722 741 
728 951 
276 317 
109 839 
652 817 
51 312 
384 846 
888 926 
682 847 
294 637 
248 252 
289 496 
305 634 
65 739 
308 647 
319 534 
406 488 
576 734 
595 771 
580 662 
334 646 
343 786 
228 647 
85 488 
82 735 
609 725 
244 332 
343 950 
741 743 
333 651 
52 500 
771 912 
179 351 
24 34 
121 952 
156 766 
313 899 
46 95 
405 891 
613 665 
106 178 
723 786 
276 733 
282 898 
83 551 
31 186 
281 753 
216 903 
141 460 
42 465 
208 860 
157 467 
143 470 
205 542 
142 265 
822 902 
485 525 
147 249 
540 583 
533 699 
320 397 
85 943 
235 671 
754 859 
473 751 
250 365 
316 920 
155 945 
457 618 
69 992 
48 831 
74 390 
599 891 
639 788 
404 553 
486 796 
149 286 
778 795 
611 962 
367 461 
189 982 
416 876 
66 249 
127 339 
348 533 
815 912 
771 977 
629 710 
45 688 
92 575 
149 681 
546 666 
311 800 
512 982 
149 940 
573 875 
146 611 
61 93 
605 929 
199 395 
374 959 
564 979 
261 563 
537 637 
99 666 
33 62 
395 492 
109 188 
135 224 
346 489 
228 900 
265 684 
273 801 
240 949 
539 997 
277 493 
145 502 
444 918 
167 313 
465 688 
330 685 
72 627 
131 212 
5 601 
417 881 
181 218 
373 725 
158 908 
3 997 
7 477 
15 147 
311 475 
220 901 
57 598 
218 646 
394 866 
381 523 
561 721 
156 449 
406 544 
771 799 
171 296 
526 707 
328 359 
19 723 
317 732 
773 924 
849 931 
283 481 
818 985 
304 331 
265 774 
144 577 
319 789 
259 268 
130 473 
367 419 
67 422 
129 137 
308 586 
319 888 
712 984 
513 601 
37 567 
544 920 
662 994 
703 876 
123 985 
191 713 
297 555 
133 639 
4 28 
153 649 
853 949 
108 526 
277 918 
425 873 
94 744 
149 224 
438 564 
106 542 
842 975 
627 796 
151 599 
891 973 
479 909 
119 951 
250 355 
584 586 
374 785 
99 993 
741 795 
685 693 
628 794 
325 327 
322 487 
95 453 
450 637 
617 943 
7 830 
612 779 
277 340 
69 587 
397 818 
266 914 
754 926 
9 699 
254 258 
64 652 
51 946 
440 562 
282 300 
388 716 
269 999 
134 561 
572 603 
607 859 
92 975 
243 702 
294 814 
43 972 
111 787 
612 915 
102 550 
136 791 
182 873 
842 896 
423 758 
189 371 
52 957 
731 819 
291 921 
50 681 
779 803 
40 146 
303 847 
24 876 
371 571 
102 852 
749 777 
545 663 
601 716 
80 254 
210 478 
552 717 
676 930 
526 712 
341 346 
330 593 
315 496 
199 846 
161 180 
241 832 
743 934 
169 600 
160 164 
875 980 
755 781 
214 421 
323 547 
99 247 
345 626 
158 934 
801 897 
161 813 
339 731 
52 650 
244 486 
242 287 
457 828 
549 870 
86 719 
292 597 
497 506 
595 916 
196 728 
15 318 
433 473 
801 990 
505 544 
295 831 
376 433 
127 258 
383 492 
496 820 
918 928 
14 878 
366 779 
728 762 
493 579 
331 924 
565 835 
283 439 
513 720 
754 971 
293 863 
837 991 
533 776 
669 687 
570 681 
707 915 
405 450 
57 325 
23 807 
13 448 
99 536 
400 577 
532 643 
372 513 
717 900 
279 620 
355 528 
470 702 
195 262 
158 243 
172 395 
447 627 
521 727 
70 964 
284 630 
595 966 
325 682 
29 432 
241 584 
321 737 
20 51 
320 356 
622 988 
414 473 
414 870 
646 950 
824 830 
97 943 
213 249 
276 492 
339 942 
575 811 
386 557 
733 969 
79 943 
212 286 
848 901 
567 616 
442 609 
217 448 
253 925 
22 685 
864 889 
300 452 
817 975 
649 791 
190 808 
61 361 
168 324 
357 614 
47 729 
599 989 
266 478 
72 733 
25 532 
76 377 
275 385 
433 759 
637 850 
247 866 
791 918 
286 550 
264 684 
83 945 
622 981 
509 564 
282 594 
223 372 
10 814 
1 43 
400 942 
38 221 
70 500 
427 710 
89 241 
462 501 
675 718 
113 760 
503 894 
817 823 
848 913 
218 423 
336 881 
105 662 
277 616 
241 405 
140 352 
137 363 
648 992 
639 858 
73 435 
198 491 
38 516 
301 890 
369 642 
4 230 
828 876 
225 777 
522 721 
94 907 
21 752 
387 460 
312 554 
255 264 
303 697 
367 797 
870 947 
341 995 
862 984 
205 601 
94 424 
382 689 
667 779 
130 854 
131 498 
817 892 
646 969 
495 701 
242 846 
102 802 
628 854 
469 818 
116 584 
626 729 
58 60 
416 872 
274 859 
337 1000 
609 779 
714 862 
919 960 
84 695 
74 612 
101 254 
364 418 
562 569 
422 709 
421 815 
532 576 
167 316 
304 745 
290 359 
461 933 
127 138 
507 618 
146 378 
165 185 
373 869 
230 871 
