321 848 
728 991 
869 990 
87 977 
230 504 
93 577 
330 804 
189 885 
49 346 
451 526 
524 833 
679 798 
60 515 
663 875 
626 668 
706 862 
352 510 
229 949 
751 916 
378 529 
50 628 
407 545 
537 711 
508 576 
689 967 
251 759 
178 545 
112 339 
211 349 
807 933 
703 984 
439 442 
278 283 
583 615 
202 490 
242 538 
734 841 
483 720 
519 945 
496 587 
274 755 
317 774 
144 240 
142 698 
304 718 
54 472 
234 373 
725 926 
311 713 
1 122 
34 836 
195 512 
451 864 
493 663 
68 357 
192 332 
409 540 
75 230 
471 626 
589 658 
240 435 
288 903 
406 713 
665 987 
235 771 
917 997 
107 172 
118 511 
15 215 
451 920 
126 806 
253 938 
365 571 
550 602 
43 201 
60 986 
372 424 
82 410 
268 606 
469 584 
515 869 
32 445 
18 835 
203 699 
362 821 
254 897 
114 618 
5 862 
186 948 
35 333 
65 377 
477 519 
319 426 
23 229 
566 994 
192 361 
396 716 
484 981 
134 215 
246 535 
112 115 
605 659 
568 894 
81 822 
75 604 
41 125 
164 671 
713 784 
800 943 
44 998 
112 250 
614 915 
265 418 
703 873 
333 379 
260 399 
358 633 
16 259 
158 391 
501 835 
660 722 
82 836 
778 855 
15 779 
768 829 
135 718 
270 742 
478 689 
887 955 
582 836 
639 766 
737 949 
134 587 
573 816 
309 869 
266 932 
317 361 
319 333 
74 632 
490 523 
745 868 
419 971 
847 980 
117 301 
171 254 
58 408 
748 948 
47 461 
300 394 
314 684 
363 754 
80 509 
221 849 
419 459 
107 149 
946 959 
12 68 
47 265 
300 523 
15 584 
289 464 
144 394 
175 268 
31 622 
193 373 
702 758 
404 595 
31 550 
61 842 
93 704 
548 942 
375 861 
181 871 
5 896 
1 171 
121 774 
738 948 
357 877 
265 973 
58 698 
871 982 
407 470 
118 942 
302 472 
339 717 
502 918 
495 675 
88 727 
678 748 
392 630 
65 935 
143 976 
446 935 
619 748 
520 619 
347 532 
239 986 
69 518 
370 975 
100 683 
56 885 
361 940 
167 618 
344 548 
460 748 
158 407 
651 985 
398 940 
578 696 
35 682 
633 736 
375 960 
63 308 
482 519 
81 991 
630 750 
156 218 
73 722 
582 612 
150 624 
244 653 
63 82 
497 762 
156 498 
291 760 
401 870 
471 940 
479 699 
707 883 
129 908 
505 506 
961 982 
362 895 
31 860 
325 862 
16 957 
229 521 
484 604 
374 383 
320 387 
824 884 
585 706 
191 247 
456 705 
835 974 
385 688 
510 553 
467 544 
155 166 
144 869 
149 391 
195 448 
484 534 
340 945 
535 942 
403 485 
500 590 
352 431 
659 855 
652 888 
284 337 
175 275 
139 802 
81 398 
637 964 
520 936 
19 445 
621 732 
411 534 
192 555 
739 864 
375 766 
155 472 
724 923 
118 235 
611 688 
464 578 
319 848 
743 815 
91 173 
190 667 
437 781 
186 715 
441 449 
46 866 
332 465 
425 517 
369 768 
77 528 
330 748 
595 655 
547 854 
689 972 
454 516 
228 409 
173 464 
360 552 
789 966 
43 140 
219 655 
294 553 
105 601 
794 940 
31 378 
75 689 
355 801 
15 416 
619 917 
338 717 
291 331 
28 747 
481 859 
458 503 
552 886 
491 918 
751 980 
158 363 
204 743 
133 497 
798 833 
33 817 
903 981 
591 876 
350 716 
846 893 
298 581 
228 957 
261 889 
718 785 
389 899 
135 195 
387 423 
228 761 
399 509 
346 889 
425 588 
664 955 
343 633 
255 771 
62 812 
514 856 
34 476 
276 391 
217 771 
158 756 
223 795 
891 964 
130 248 
230 531 
782 877 
578 923 
356 530 
105 299 
615 894 
322 533 
256 362 
111 306 
33 879 
313 758 
314 871 
543 739 
164 805 
934 978 
667 948 
25 785 
335 789 
170 261 
812 918 
418 706 
40 789 
731 935 
312 969 
322 843 
613 665 
378 814 
484 533 
556 578 
418 747 
46 324 
752 954 
242 476 
373 549 
352 966 
356 798 
4 980 
356 749 
350 531 
564 659 
203 972 
126 200 
76 171 
759 941 
535 1000 
140 928 
776 857 
420 743 
541 861 
352 471 
221 899 
927 975 
146 673 
163 655 
255 527 
400 806 
719 753 
467 505 
533 781 
349 922 
455 519 
540 685 
349 811 
637 962 
70 333 
27 881 
7 389 
306 506 
604 746 
42 928 
20 857 
21 74 
601 607 
52 983 
201 475 
498 736 
52 981 
241 820 
77 897 
204 390 
22 429 
57 154 
80 885 
699 868 
396 448 
364 412 
638 987 
212 512 
22 790 
790 803 
132 435 
780 999 
623 892 
11 847 
136 428 
283 713 
304 757 
713 870 
211 214 
69 216 
78 797 
109 357 
427 991 
221 697 
66 883 
277 822 
204 889 
227 629 
285 558 
72 936 
784 994 
636 818 
627 851 
676 749 
548 680 
175 546 
283 681 
538 833 
197 517 
233 590 
284 656 
212 364 
765 859 
129 725 
278 418 
221 862 
4 547 
530 865 
389 699 
621 851 
428 951 
263 726 
156 484 
603 949 
403 929 
500 876 
57 118 
162 332 
684 700 
508 749 
324 794 
312 591 
614 852 
18 226 
166 868 
640 735 
351 666 
272 349 
352 796 
294 596 
67 641 
667 790 
547 692 
191 395 
195 514 
137 879 
292 301 
358 645 
777 885 
536 924 
77 362 
552 778 
477 826 
523 886 
655 826 
106 920 
346 943 
381 742 
290 458 
748 932 
481 716 
62 457 
14 30 
214 891 
733 882 
270 567 
177 532 
359 876 
355 399 
549 626 
52 91 
312 350 
43 957 
144 794 
24 824 
359 666 
236 351 
308 497 
869 981 
245 956 
210 814 
273 320 
101 162 
823 888 
317 890 
231 637 
972 992 
822 983 
740 745 
17 989 
360 612 
341 420 
50 466 
394 432 
411 536 
135 218 
593 905 
74 278 
181 193 
525 738 
529 697 
390 706 
156 322 
347 508 
513 915 
180 730 
78 768 
591 965 
353 992 
98 412 
740 973 
332 571 
501 762 
411 760 
213 805 
70 170 
134 874 
158 840 
43 926 
579 671 
100 892 
22 71 
200 983 
558 652 
809 932 
19 315 
349 699 
151 946 
1 187 
271 614 
891 981 
215 325 
528 591 
694 741 
21 717 
417 911 
874 967 
224 397 
118 265 
620 812 
150 478 
291 813 
356 453 
134 682 
316 765 
156 885 
358 833 
43 641 
946 1000 
32 681 
349 743 
118 649 
125 207 
219 221 
445 677 
257 579 
425 785 
603 777 
316 752 
415 618 
256 323 
235 609 
342 427 
759 996 
150 703 
175 927 
75 281 
483 895 
163 765 
362 553 
429 536 
110 961 
598 932 
231 843 
326 742 
191 769 
25 738 
454 556 
34 614 
199 612 
754 804 
77 906 
252 586 
270 573 
52 165 
254 758 
285 761 
355 781 
636 694 
136 332 
415 868 
366 859 
266 738 
895 971 
26 656 
414 736 
190 593 
103 834 
30 396 
98 505 
337 909 
392 571 
201 521 
592 972 
647 843 
234 767 
730 951 
716 933 
492 950 
68 526 
245 419 
746 907 
392 794 
222 859 
180 310 
181 800 
265 851 
278 446 
221 922 
170 229 
509 997 
23 691 
13 991 
248 533 
704 842 
291 616 
420 767 
655 745 
235 555 
178 295 
714 974 
165 445 
85 191 
272 736 
178 400 
410 976 
211 788 
782 974 
150 155 
294 947 
699 892 
149 935 
28 469 
422 705 
173 614 
8 809 
198 930 
395 791 
206 462 
225 230 
739 880 
55 468 
54 927 
388 646 
133 426 
143 643 
938 941 
392 450 
67 716 
54 479 
908 952 
666 721 
553 671 
72 641 
539 994 
18 217 
750 869 
590 661 
332 628 
52 889 
398 773 
114 170 
108 425 
213 775 
37 740 
553 617 
228 590 
392 420 
232 985 
494 608 
267 455 
899 928 
176 311 
201 335 
668 863 
566 888 
128 780 
716 842 
23 906 
541 715 
368 575 
243 838 
20 381 
364 731 
102 268 
29 439 
210 266 
586 848 
720 939 
447 609 
461 489 
254 885 
217 373 
100 659 
217 220 
339 654 
796 854 
25 999 
43 263 
615 734 
751 997 
624 760 
209 466 
365 843 
578 736 
63 620 
153 938 
34 196 
12 966 
17 801 
60 148 
141 404 
415 580 
143 732 
552 623 
254 281 
606 757 
574 946 
149 361 
615 700 
33 742 
821 913 
872 928 
442 989 
350 559 
203 875 
267 602 
22 479 
313 499 
461 859 
646 976 
224 783 
482 586 
438 681 
506 801 
381 669 
558 592 
689 787 
741 932 
620 847 
109 824 
918 989 
714 995 
115 476 
77 607 
344 416 
157 666 
229 243 
131 748 
889 927 
64 849 
100 247 
328 345 
978 996 
586 690 
21 646 
148 891 
437 687 
555 608 
543 787 
298 564 
156 721 
381 431 
307 315 
743 844 
491 654 
602 669 
428 663 
348 953 
341 598 
267 819 
565 787 
400 610 
263 738 
709 786 
808 823 
766 884 
320 594 
176 500 
503 583 
648 880 
10 466 
567 861 
507 939 
498 993 
159 866 
415 726 
402 754 
3 193 
17 147 
517 566 
579 764 
104 175 
369 774 
201 407 
127 378 
470 879 
473 479 
227 567 
551 685 
28 131 
405 553 
615 891 
490 539 
369 740 
558 959 
349 587 
308 701 
668 814 
679 686 
666 746 
183 508 
418 470 
479 936 
15 471 
56 592 
741 767 
432 484 
197 753 
163 964 
439 554 
485 657 
780 913 
117 869 
326 599 
430 783 
739 886 
529 802 
376 567 
339 718 
121 199 
77 297 
236 556 
236 437 
179 678 
363 605 
119 523 
58 801 
121 860 
327 420 
776 855 
506 767 
118 988 
551 649 
132 841 
158 483 
138 846 
76 273 
104 619 
78 196 
638 966 
462 482 
160 693 
597 850 
663 945 
636 722 
411 432 
13 218 
363 772 
8 859 
120 473 
168 564 
70 708 
112 726 
477 543 
190 638 
135 633 
361 782 
402 513 
172 204 
337 971 
879 937 
422 946 
371 601 
673 685 
344 441 
35 37 
724 993 
503 841 
23 353 
210 722 
567 804 
291 675 
360 521 
198 427 
322 422 
332 900 
6 590 
358 781 
597 895 
773 972 
873 931 
39 262 
237 699 
214 374 
333 340 
572 893 
148 186 
920 965 
80 803 
96 895 
187 255 
541 901 
471 948 
751 871 
64 209 
567 644 
122 652 
21 419 
40 809 
95 336 
9 694 
6 76 
495 870 
45 606 
640 824 
60 866 
185 632 
59 306 
590 690 
19 774 
480 743 
560 709 
440 832 
611 800 
784 789 
325 984 
340 751 
299 951 
38 328 
538 786 
364 559 
281 699 
332 602 
73 789 
205 314 
606 723 
536 619 
467 616 
224 588 
4 868 
79 795 
417 848 
782 849 
541 808 
515 554 
533 653 
76 815 
8 804 
709 758 
502 597 
578 798 
20 873 
58 602 
638 666 
149 161 
920 997 
477 757 
223 856 
33 887 
4 930 
344 575 
73 693 
889 951 
341 488 
306 449 
592 931 
841 889 
341 645 
314 431 
239 565 
543 862 
468 935 
404 914 
136 251 
621 984 
13 90 
390 941 
344 642 
355 483 
180 621 
57 958 
133 300 
493 963 
127 277 
8 288 
581 616 
94 916 
323 491 
431 485 
249 720 
516 571 
328 787 
22 922 
19 987 
699 921 
385 416 
155 176 
850 981 
511 898 
25 365 
709 895 
480 525 
422 533 
671 942 
560 848 
680 868 
86 205 
53 91 
99 163 
538 617 
441 949 
92 795 
71 299 
505 869 
186 924 
146 296 
103 180 
245 967 
90 953 
705 751 
55 760 
339 362 
468 554 
785 851 
27 581 
335 820 
688 896 
516 725 
93 500 
342 990 
398 758 
332 561 
606 797 
684 941 
283 802 
75 389 
415 791 
21 477 
210 279 
870 942 
400 881 
203 716 
319 618 
75 272 
177 819 
385 880 
532 876 
181 395 
365 864 
739 750 
33 964 
460 521 
111 211 
514 645 
230 702 
355 802 
77 88 
739 788 
103 275 
337 551 
191 385 
234 809 
87 715 
161 548 
268 549 
253 690 
60 469 
57 542 
111 884 
421 464 
243 514 
279 595 
154 852 
326 351 
515 966 
575 591 
501 581 
20 745 
129 577 
615 649 
514 698 
376 755 
521 994 
702 953 
308 473 
204 803 
529 990 
108 278 
27 373 
456 697 
209 625 
27 98 
563 881 
142 775 
204 680 
247 669 
340 719 
26 925 
29 160 
323 897 
880 975 
257 672 
205 450 
209 421 
477 550 
614 750 
93 488 
106 624 
382 515 
94 686 
414 819 
511 657 
483 888 
952 964 
421 736 
617 951 
17 376 
491 892 
631 693 
863 969 
176 998 
23 155 
653 851 
715 995 
454 733 
546 869 
510 820 
694 834 
197 591 
806 834 
311 851 
779 984 
503 546 
233 978 
208 569 
879 988 
579 843 
423 830 
104 926 
155 363 
703 865 
487 731 
213 658 
23 765 
318 967 
33 592 
809 968 
244 902 
574 771 
389 956 
480 925 
786 787 
381 965 
686 999 
776 806 
88 931 
350 869 
214 874 
445 884 
136 919 
731 966 
296 401 
274 956 
53 393 
694 914 
311 350 
468 535 
165 930 
226 359 
576 808 
48 375 
238 519 
305 700 
25 760 
726 784 
553 732 
249 324 
176 414 
89 742 
344 948 
573 946 
773 871 
782 988 
508 688 
175 251 
734 892 
41 495 
210 662 
497 955 
66 666 
235 906 
37 728 
786 984 
251 779 
61 929 
187 230 
347 847 
124 457 
12 380 
194 432 
24 362 
45 279 
830 889 
634 996 
88 91 
711 745 
211 268 
487 753 
334 762 
686 847 
434 555 
726 814 
408 690 
568 818 
70 638 
358 417 
113 172 
253 595 
467 975 
203 667 
587 813 
6 166 
121 723 
779 965 
154 434 
66 163 
78 329 
275 981 
245 818 
126 726 
709 763 
