259 840 
667 679 
410 507 
399 668 
407 998 
30 906 
54 383 
404 650 
31 452 
774 795 
400 842 
830 962 
123 722 
386 451 
89 627 
465 762 
367 989 
363 704 
684 763 
535 960 
228 993 
557 679 
846 983 
666 802 
559 629 
178 826 
360 559 
139 688 
226 400 
344 641 
156 180 
80 899 
426 625 
41 924 
73 602 
169 841 
361 953 
516 596 
29 495 
49 77 
705 744 
418 671 
477 520 
392 646 
553 739 
46 412 
157 446 
551 692 
862 947 
10 802 
824 977 
211 370 
438 649 
744 968 
508 573 
513 778 
678 856 
438 486 
210 377 
403 880 
288 581 
71 931 
715 725 
11 533 
194 626 
349 553 
552 902 
75 562 
260 936 
102 189 
269 616 
451 503 
15 424 
82 136 
255 666 
347 939 
717 977 
512 616 
98 432 
846 911 
54 99 
103 954 
127 952 
118 454 
608 941 
434 700 
1 527 
108 437 
228 371 
109 551 
26 811 
568 843 
198 487 
100 398 
192 435 
515 771 
3 679 
253 607 
196 990 
367 838 
85 130 
315 923 
541 988 
417 943 
242 462 
252 993 
216 443 
200 486 
149 556 
33 362 
402 501 
89 189 
61 427 
702 963 
441 484 
162 380 
613 772 
122 306 
97 572 
202 235 
601 793 
11 633 
36 416 
294 984 
27 77 
196 596 
187 394 
549 933 
182 984 
338 710 
570 931 
242 857 
642 737 
155 607 
529 800 
102 334 
572 587 
701 849 
416 707 
287 572 
422 744 
496 711 
402 922 
652 813 
44 756 
466 671 
402 783 
346 775 
251 354 
265 800 
12 145 
12 936 
87 948 
193 975 
732 950 
640 649 
193 450 
327 481 
718 945 
105 647 
158 637 
849 866 
398 558 
168 932 
201 719 
233 493 
278 754 
7 844 
355 980 
14 336 
117 499 
193 452 
359 454 
802 895 
304 534 
107 838 
453 928 
631 792 
64 894 
243 764 
289 331 
263 894 
46 874 
527 856 
832 874 
125 264 
235 979 
216 949 
623 863 
156 253 
241 934 
39 286 
55 490 
402 1000 
661 808 
78 81 
290 583 
94 569 
394 768 
470 938 
174 432 
7 424 
237 882 
129 420 
378 810 
122 614 
64 637 
64 189 
499 720 
768 997 
386 754 
222 629 
529 537 
784 928 
533 895 
590 650 
113 281 
411 434 
60 560 
654 742 
425 885 
141 816 
470 961 
575 666 
63 740 
91 318 
161 947 
308 938 
16 67 
666 918 
221 899 
712 937 
295 830 
565 842 
237 542 
479 865 
354 680 
501 656 
634 944 
427 882 
534 852 
194 940 
283 672 
418 842 
624 681 
74 469 
196 914 
445 452 
601 743 
482 720 
176 380 
213 744 
17 354 
908 946 
586 867 
184 398 
599 612 
534 670 
221 831 
327 583 
713 872 
431 954 
233 423 
186 277 
92 769 
201 991 
385 471 
395 596 
697 860 
90 221 
835 884 
674 784 
765 890 
84 587 
261 609 
240 828 
327 506 
89 634 
625 882 
15 647 
298 493 
459 825 
93 412 
283 528 
175 810 
179 304 
563 697 
540 702 
381 450 
364 541 
810 920 
110 956 
204 836 
149 402 
92 822 
67 814 
626 938 
532 853 
633 724 
550 735 
323 495 
402 881 
579 880 
211 487 
519 566 
136 578 
512 531 
722 993 
421 517 
56 698 
119 559 
387 638 
191 655 
126 611 
178 692 
12 901 
854 1000 
19 89 
164 176 
58 704 
293 345 
21 556 
492 612 
550 932 
248 889 
38 526 
22 487 
520 601 
372 786 
863 993 
537 671 
460 979 
377 462 
779 918 
310 912 
222 802 
228 901 
650 911 
363 484 
130 184 
283 495 
246 750 
189 735 
51 832 
863 889 
759 921 
695 974 
116 980 
528 759 
175 569 
264 985 
311 669 
562 690 
432 644 
279 456 
118 133 
271 405 
762 810 
573 938 
298 307 
181 503 
512 679 
476 514 
440 959 
619 748 
485 930 
39 336 
268 662 
477 812 
136 865 
728 921 
443 929 
607 817 
681 683 
17 257 
3 706 
263 746 
398 845 
366 705 
850 964 
390 691 
279 991 
84 800 
250 432 
140 475 
433 458 
307 510 
216 419 
485 737 
504 722 
143 373 
27 987 
168 628 
503 602 
82 161 
147 533 
369 829 
548 819 
775 868 
635 947 
574 855 
566 737 
496 915 
465 817 
668 675 
341 723 
461 827 
129 630 
189 981 
686 830 
164 327 
2 11 
81 740 
716 985 
402 544 
275 838 
632 933 
361 933 
62 901 
385 518 
373 786 
629 719 
219 339 
753 799 
472 647 
530 631 
233 455 
117 163 
769 905 
172 410 
419 840 
406 985 
160 317 
294 868 
173 661 
821 986 
510 642 
322 857 
151 928 
15 379 
676 732 
471 574 
180 574 
48 470 
307 750 
191 469 
397 566 
315 444 
633 868 
110 940 
680 896 
904 926 
21 153 
172 607 
3 829 
375 806 
392 617 
104 195 
516 920 
106 637 
728 782 
250 990 
302 677 
40 109 
487 860 
656 664 
203 665 
66 262 
36 444 
308 347 
224 934 
188 787 
97 352 
612 934 
122 580 
295 951 
416 699 
38 770 
601 762 
52 104 
82 472 
158 305 
680 803 
624 797 
79 520 
107 115 
854 893 
229 270 
49 625 
199 513 
535 726 
747 955 
474 600 
170 776 
237 489 
207 451 
619 954 
129 249 
73 177 
607 642 
118 935 
522 946 
178 767 
92 491 
848 939 
535 815 
517 616 
95 244 
94 498 
497 516 
144 279 
736 842 
594 807 
226 886 
75 630 
3 573 
414 740 
28 200 
564 682 
59 107 
557 937 
86 194 
605 765 
202 894 
683 775 
217 483 
178 881 
225 478 
340 678 
277 466 
552 711 
737 944 
362 774 
114 479 
359 993 
731 775 
93 142 
562 693 
137 573 
511 750 
889 897 
199 300 
92 781 
200 552 
368 692 
216 428 
490 638 
621 979 
400 515 
327 634 
214 330 
236 557 
881 961 
813 878 
363 997 
70 525 
322 849 
542 962 
33 49 
520 541 
341 573 
480 757 
608 883 
435 965 
341 836 
179 710 
39 76 
15 752 
497 950 
160 314 
117 298 
810 991 
250 933 
343 558 
529 604 
410 875 
10 660 
350 404 
398 540 
21 456 
29 698 
620 731 
9 270 
265 850 
104 554 
111 441 
387 773 
264 995 
160 600 
90 955 
250 701 
537 998 
86 987 
477 941 
809 953 
166 894 
247 438 
606 700 
780 791 
112 757 
198 527 
730 947 
9 778 
229 949 
157 349 
187 906 
483 819 
743 767 
72 959 
56 847 
307 887 
340 640 
346 710 
6 911 
754 768 
142 370 
114 150 
350 672 
87 878 
213 373 
558 874 
230 912 
7 149 
125 730 
583 589 
141 473 
766 902 
195 398 
400 622 
562 644 
144 475 
44 494 
241 506 
65 659 
139 236 
714 729 
392 809 
303 370 
113 707 
924 944 
27 59 
119 800 
248 275 
504 979 
244 790 
266 471 
451 977 
749 841 
718 734 
5 997 
17 942 
197 217 
644 810 
322 638 
625 820 
121 492 
101 911 
141 859 
414 749 
138 336 
204 559 
88 374 
35 123 
382 933 
300 336 
17 524 
396 404 
220 837 
233 297 
201 775 
317 883 
399 746 
381 439 
275 950 
513 545 
101 887 
307 766 
381 829 
497 800 
27 315 
361 565 
158 203 
566 854 
20 944 
16 606 
320 942 
634 763 
937 998 
785 881 
364 479 
363 820 
554 782 
57 102 
402 667 
46 245 
30 904 
287 499 
26 868 
219 596 
507 598 
17 686 
704 930 
765 986 
158 576 
44 449 
112 809 
9 719 
873 930 
487 767 
96 378 
315 372 
433 476 
747 965 
616 806 
35 727 
104 402 
277 846 
1 651 
520 853 
280 416 
398 405 
430 594 
95 588 
193 946 
102 465 
864 947 
122 760 
37 607 
281 568 
49 709 
462 495 
387 803 
33 534 
947 970 
321 494 
257 688 
268 606 
448 462 
348 895 
374 702 
385 549 
136 695 
211 579 
598 964 
361 827 
79 317 
376 737 
644 677 
89 639 
81 955 
262 869 
313 860 
578 678 
59 582 
409 683 
12 782 
178 897 
395 467 
346 462 
22 493 
531 549 
497 865 
181 200 
619 776 
607 927 
712 991 
260 514 
522 596 
388 556 
225 913 
386 633 
46 994 
212 690 
621 989 
16 804 
170 645 
599 952 
249 532 
373 495 
729 802 
407 811 
501 930 
429 665 
653 808 
145 589 
123 828 
281 564 
693 943 
716 982 
667 940 
663 734 
396 876 
26 449 
484 900 
271 724 
530 585 
54 526 
355 680 
379 836 
134 709 
434 810 
332 781 
369 923 
342 673 
695 929 
565 652 
875 915 
15 185 
434 855 
252 657 
483 612 
18 613 
968 983 
290 548 
537 571 
453 763 
210 471 
134 401 
558 866 
681 840 
7 909 
404 959 
302 776 
444 950 
445 808 
410 660 
836 989 
189 760 
37 565 
64 83 
202 416 
92 287 
477 660 
7 193 
810 877 
355 413 
137 596 
224 614 
563 880 
341 925 
780 898 
261 585 
354 513 
63 854 
287 687 
169 961 
263 345 
685 983 
79 698 
51 545 
620 868 
813 868 
61 816 
520 740 
189 343 
50 714 
135 271 
136 337 
130 528 
303 678 
163 387 
634 708 
71 646 
7 512 
159 691 
267 486 
10 553 
123 584 
794 798 
30 815 
128 857 
39 686 
81 190 
174 509 
47 244 
135 953 
707 758 
89 300 
323 715 
229 478 
60 911 
277 735 
735 958 
506 935 
8 694 
188 230 
263 977 
81 273 
69 73 
146 324 
11 411 
304 756 
65 354 
191 578 
375 476 
128 209 
370 813 
748 871 
246 526 
9 114 
278 763 
498 822 
497 747 
322 522 
271 564 
838 985 
28 85 
637 969 
316 855 
687 894 
631 781 
359 971 
9 96 
451 670 
897 924 
322 536 
100 208 
284 869 
486 866 
670 978 
491 745 
246 409 
378 413 
362 816 
518 979 
344 596 
154 690 
476 634 
331 344 
459 895 
718 831 
216 466 
115 616 
512 779 
179 941 
341 811 
136 492 
122 926 
496 856 
356 883 
800 851 
719 987 
15 766 
149 687 
835 913 
276 370 
405 497 
312 514 
675 871 
6 42 
586 960 
607 731 
383 552 
609 815 
593 639 
354 858 
586 999 
639 642 
197 589 
149 990 
62 577 
455 871 
829 922 
154 958 
437 770 
292 410 
69 569 
164 845 
766 881 
727 848 
483 676 
104 955 
91 826 
156 566 
477 511 
148 400 
90 979 
116 856 
352 396 
282 665 
91 642 
14 273 
163 174 
119 491 
324 440 
78 572 
164 192 
273 753 
16 594 
429 705 
498 880 
190 725 
91 788 
812 915 
543 776 
38 433 
538 972 
406 574 
642 879 
469 995 
265 759 
369 563 
441 961 
37 850 
454 825 
116 823 
218 556 
692 938 
253 924 
418 518 
141 676 
361 871 
224 513 
70 174 
289 587 
440 887 
359 877 
142 313 
35 979 
195 624 
297 972 
603 860 
115 304 
562 998 
24 223 
142 543 
266 975 
116 850 
103 852 
674 739 
226 585 
350 645 
126 166 
367 401 
89 688 
320 504 
80 140 
18 892 
135 245 
565 863 
278 881 
334 375 
330 603 
9 373 
875 889 
183 733 
712 840 
250 999 
15 484 
366 570 
408 692 
16 40 
91 777 
174 766 
152 742 
241 903 
90 165 
583 661 
676 836 
685 862 
169 967 
551 946 
376 439 
59 730 
84 941 
333 843 
301 338 
45 100 
328 702 
553 769 
300 704 
10 294 
318 873 
116 772 
479 497 
368 390 
360 515 
318 595 
228 554 
137 310 
768 787 
216 677 
290 823 
362 490 
894 971 
584 644 
314 341 
536 705 
554 978 
326 738 
527 651 
607 819 
445 897 
305 619 
77 959 
22 241 
183 405 
692 728 
615 939 
421 599 
285 990 
113 238 
84 582 
58 180 
155 216 
119 292 
932 970 
304 723 
129 577 
266 919 
735 982 
531 936 
205 782 
37 65 
498 931 
621 627 
665 748 
337 726 
52 470 
697 742 
161 239 
334 340 
437 615 
305 568 
114 827 
51 533 
364 693 
119 142 
105 961 
101 243 
146 962 
528 734 
339 994 
477 843 
262 542 
663 923 
353 428 
373 726 
395 686 
433 899 
902 918 
369 715 
41 461 
571 838 
512 813 
545 835 
131 907 
588 736 
453 788 
592 897 
337 447 
639 872 
678 799 
605 671 
89 131 
102 147 
84 201 
249 493 
95 281 
12 683 
381 973 
441 614 
655 661 
288 945 
221 351 
1 862 
249 253 
86 435 
628 995 
81 934 
184 964 
107 897 
670 920 
28 505 
59 272 
363 558 
711 918 
444 608 
264 520 
129 563 
97 133 
446 739 
128 460 
679 961 
96 321 
220 307 
15 843 
450 794 
64 261 
356 786 
226 369 
348 898 
91 523 
119 822 
903 968 
292 349 
701 725 
135 702 
11 478 
362 935 
186 843 
140 585 
187 232 
241 379 
240 719 
496 976 
123 377 
157 348 
468 652 
242 697 
110 825 
222 737 
260 639 
89 872 
846 862 
760 784 
537 810 
47 945 
331 693 
164 396 
110 572 
73 735 
454 910 
28 245 
649 653 
145 539 
355 658 
75 285 
287 460 
395 833 
69 237 
387 663 
190 767 
340 916 
5 61 
569 691 
167 808 
386 682 
5 138 
170 553 
438 707 
616 751 
211 238 
62 154 
172 421 
440 747 
672 869 
272 475 
358 993 
286 875 
465 623 
243 865 
512 922 
687 750 
660 879 
779 872 
129 718 
377 391 
113 318 
568 758 
447 466 
781 868 
472 491 
198 292 
627 788 
296 704 
336 725 
630 669 
78 298 
517 842 
561 597 
534 967 
448 705 
495 710 
703 817 
174 461 
55 580 
197 690 
450 993 
151 992 
113 782 
141 756 
135 537 
59 932 
502 816 
228 778 
125 608 
554 807 
162 483 
182 625 
138 503 
148 714 
562 881 
362 903 
469 579 
169 518 
39 438 
282 335 
722 723 
455 548 
