319 566 
893 949 
451 553 
15 503 
375 697 
685 948 
130 569 
739 971 
412 486 
398 517 
509 677 
801 855 
514 661 
283 707 
72 642 
319 393 
70 189 
890 990 
232 702 
608 922 
645 953 
206 495 
674 709 
260 511 
597 855 
470 857 
376 887 
214 853 
165 752 
353 881 
235 251 
342 590 
52 940 
326 735 
461 868 
387 580 
85 989 
134 237 
266 282 
499 697 
124 127 
223 776 
129 315 
741 908 
269 453 
90 166 
542 577 
128 364 
147 636 
438 903 
861 920 
685 751 
35 339 
195 351 
84 394 
372 582 
104 598 
39 727 
543 863 
378 568 
947 1000 
387 924 
258 776 
444 445 
117 549 
942 944 
34 259 
183 242 
303 486 
97 843 
57 416 
50 62 
483 831 
668 771 
134 431 
260 886 
166 930 
316 405 
156 332 
252 959 
823 983 
278 662 
403 974 
657 685 
187 402 
56 962 
741 961 
219 323 
227 263 
341 859 
308 501 
479 674 
191 528 
135 881 
443 911 
65 881 
367 878 
824 969 
212 816 
585 758 
101 476 
192 646 
211 225 
347 502 
85 272 
123 242 
359 604 
798 955 
82 330 
319 675 
326 604 
443 696 
748 804 
378 789 
356 644 
31 352 
104 520 
80 646 
27 110 
386 996 
422 889 
302 651 
115 875 
80 947 
392 939 
169 410 
172 915 
48 57 
564 739 
313 908 
212 881 
481 698 
561 812 
169 930 
169 563 
482 701 
65 338 
415 919 
376 883 
99 547 
438 880 
860 928 
64 277 
608 781 
380 917 
27 736 
17 480 
672 833 
164 448 
328 850 
122 496 
522 860 
342 908 
280 421 
26 287 
159 979 
191 196 
568 813 
300 693 
622 946 
304 411 
255 573 
26 265 
321 739 
510 847 
121 446 
438 464 
562 855 
3 619 
395 540 
80 758 
36 191 
385 525 
29 819 
485 550 
634 938 
172 198 
191 815 
258 281 
870 974 
772 793 
189 894 
84 345 
146 767 
951 952 
124 847 
163 420 
43 160 
414 966 
21 372 
141 388 
485 751 
531 673 
245 332 
479 903 
465 804 
98 881 
59 383 
518 700 
115 585 
417 908 
150 532 
28 730 
419 1000 
537 805 
237 491 
161 296 
654 796 
403 655 
338 866 
41 911 
317 684 
51 693 
511 888 
45 871 
15 246 
121 989 
723 759 
753 796 
95 469 
43 488 
138 376 
83 165 
380 637 
332 510 
96 238 
8 676 
207 654 
692 926 
295 636 
124 472 
568 878 
290 395 
918 941 
397 795 
398 455 
48 691 
193 852 
470 603 
203 764 
316 601 
56 677 
401 651 
170 331 
732 880 
454 839 
87 181 
212 982 
351 408 
323 967 
33 529 
301 431 
878 896 
232 858 
58 403 
172 182 
201 553 
161 504 
614 841 
518 521 
541 620 
189 555 
390 639 
145 189 
145 481 
422 674 
137 140 
796 933 
357 977 
67 592 
104 921 
490 698 
430 608 
623 719 
557 870 
571 976 
407 815 
215 870 
463 831 
906 931 
108 707 
90 351 
47 777 
679 784 
269 463 
357 395 
550 585 
16 199 
411 830 
701 953 
173 407 
773 908 
60 569 
153 952 
544 597 
167 409 
144 269 
466 577 
40 678 
19 442 
709 860 
68 868 
56 844 
258 620 
74 176 
60 579 
248 461 
730 920 
384 810 
116 741 
148 226 
232 729 
655 756 
223 637 
159 191 
349 560 
516 940 
74 882 
929 940 
801 980 
31 243 
119 333 
200 904 
425 727 
76 177 
280 313 
446 976 
593 830 
147 229 
306 405 
410 995 
20 872 
616 753 
508 856 
197 428 
296 369 
113 251 
496 928 
931 939 
223 819 
204 517 
223 711 
602 821 
701 885 
18 487 
250 664 
849 966 
302 890 
928 941 
212 771 
278 600 
10 964 
108 555 
221 982 
38 617 
478 988 
496 716 
512 802 
209 583 
397 800 
662 957 
645 774 
19 429 
325 357 
262 762 
108 687 
378 746 
483 727 
209 607 
153 905 
5 168 
736 848 
83 417 
372 733 
129 168 
349 873 
298 994 
763 1000 
77 524 
519 912 
376 480 
91 395 
106 957 
905 946 
219 831 
81 845 
20 549 
607 632 
344 355 
738 969 
122 807 
370 408 
328 674 
74 149 
286 791 
77 723 
21 269 
48 887 
21 535 
188 540 
595 950 
177 960 
584 978 
265 771 
133 964 
73 773 
861 943 
118 499 
21 539 
189 363 
346 870 
237 883 
395 516 
247 395 
9 756 
126 880 
883 932 
443 967 
421 471 
130 568 
26 930 
491 729 
515 520 
848 943 
298 755 
518 974 
539 818 
662 911 
166 304 
122 533 
255 298 
1 326 
510 751 
409 537 
663 886 
418 521 
435 668 
705 861 
428 533 
281 953 
16 281 
193 970 
55 414 
441 777 
289 655 
37 384 
266 538 
279 757 
30 728 
125 848 
183 738 
559 660 
459 934 
342 803 
351 393 
354 377 
97 390 
656 904 
347 364 
406 768 
169 979 
167 257 
577 766 
395 636 
52 474 
306 333 
454 700 
395 485 
585 943 
105 883 
362 652 
245 740 
430 602 
190 498 
301 744 
133 283 
122 494 
462 512 
659 778 
697 1000 
74 697 
15 345 
136 918 
292 665 
198 547 
272 511 
12 905 
149 404 
468 986 
328 734 
953 965 
86 368 
71 444 
368 444 
147 968 
376 761 
315 872 
16 751 
203 439 
160 572 
125 952 
301 646 
216 325 
381 689 
249 687 
842 850 
127 322 
503 902 
208 484 
171 498 
317 794 
52 165 
331 574 
222 490 
532 550 
551 795 
374 925 
327 651 
927 971 
177 200 
225 920 
394 830 
170 431 
243 453 
470 628 
551 715 
253 456 
151 197 
837 956 
199 388 
437 569 
524 965 
399 923 
73 764 
206 686 
52 209 
354 783 
176 856 
579 648 
100 118 
551 871 
158 723 
305 766 
64 871 
83 989 
45 99 
277 699 
183 588 
44 283 
257 531 
754 954 
18 588 
152 999 
496 709 
188 791 
1 584 
129 589 
607 774 
7 474 
565 785 
598 946 
733 953 
124 916 
189 333 
318 425 
111 216 
494 944 
264 725 
596 845 
249 630 
46 623 
60 485 
352 882 
105 713 
877 970 
282 859 
223 522 
12 182 
555 845 
78 332 
608 673 
303 510 
587 619 
552 665 
301 547 
755 879 
245 348 
414 641 
266 589 
90 930 
223 870 
1 50 
280 537 
277 619 
411 477 
700 800 
65 868 
640 949 
106 892 
337 507 
36 981 
361 877 
589 777 
57 180 
166 911 
490 742 
588 881 
293 509 
524 558 
532 577 
655 865 
223 569 
801 908 
384 900 
256 845 
661 833 
639 779 
5 219 
224 636 
945 983 
132 483 
790 931 
698 972 
74 564 
469 1000 
844 897 
115 424 
657 688 
471 563 
163 334 
296 698 
443 799 
105 345 
575 991 
494 938 
305 897 
503 719 
493 495 
46 646 
293 514 
831 882 
184 195 
404 554 
553 682 
144 518 
143 694 
230 448 
890 906 
189 744 
111 149 
335 733 
650 846 
12 825 
423 927 
383 607 
234 560 
184 473 
214 866 
23 424 
581 667 
46 614 
602 731 
730 894 
131 648 
459 611 
75 729 
220 506 
287 693 
668 919 
578 756 
290 609 
894 923 
844 874 
4 388 
124 925 
271 333 
226 357 
474 493 
501 912 
101 644 
466 940 
930 997 
9 282 
60 988 
79 742 
145 758 
292 977 
502 573 
227 653 
101 124 
152 496 
137 306 
308 511 
369 397 
258 302 
240 700 
807 824 
369 848 
622 859 
170 684 
329 757 
16 796 
405 917 
435 482 
568 786 
339 954 
377 506 
28 747 
210 959 
506 593 
36 885 
631 729 
257 598 
508 954 
423 681 
16 589 
264 541 
402 448 
25 961 
400 535 
254 479 
490 838 
312 456 
67 384 
238 630 
440 812 
431 538 
900 980 
783 828 
431 568 
51 953 
259 570 
42 613 
89 133 
359 600 
8 729 
112 411 
407 624 
172 280 
52 595 
424 943 
49 185 
3 13 
361 857 
130 546 
404 406 
259 858 
110 925 
17 674 
102 635 
20 965 
596 917 
97 640 
670 773 
452 842 
198 420 
887 904 
171 523 
46 250 
213 755 
207 710 
92 888 
10 631 
14 358 
681 766 
83 451 
283 659 
48 953 
134 845 
216 627 
650 810 
528 918 
315 596 
103 771 
792 850 
84 869 
167 443 
546 765 
27 465 
467 852 
205 709 
298 574 
290 913 
130 211 
55 71 
156 494 
466 893 
392 535 
696 879 
474 863 
473 955 
250 836 
214 945 
822 954 
310 996 
464 535 
279 794 
140 179 
93 241 
554 646 
633 772 
50 714 
567 696 
391 638 
108 238 
238 621 
226 837 
95 1000 
50 647 
21 273 
397 528 
131 692 
114 293 
491 616 
742 807 
153 244 
510 638 
412 574 
182 823 
296 851 
78 142 
698 830 
513 520 
219 550 
317 436 
121 306 
430 977 
557 850 
409 701 
221 540 
406 473 
610 892 
10 465 
574 838 
23 32 
367 460 
345 805 
72 422 
191 318 
34 302 
370 897 
746 834 
19 918 
67 469 
581 923 
512 671 
181 686 
535 721 
418 491 
80 421 
672 949 
23 495 
699 971 
318 552 
133 521 
218 265 
788 795 
130 899 
224 453 
144 347 
333 718 
114 493 
908 973 
657 711 
685 808 
91 450 
122 404 
116 209 
510 763 
818 955 
375 830 
560 586 
403 944 
505 955 
150 306 
222 608 
270 587 
42 57 
612 833 
123 792 
679 737 
349 676 
766 960 
153 902 
645 682 
21 184 
98 579 
214 860 
389 605 
584 937 
763 870 
535 668 
470 491 
568 877 
443 572 
255 435 
633 990 
466 913 
549 798 
56 220 
613 725 
319 667 
141 944 
484 826 
38 853 
432 764 
140 771 
48 861 
580 952 
544 925 
376 478 
268 869 
106 526 
417 878 
345 896 
71 120 
96 683 
257 921 
41 527 
267 458 
229 980 
735 736 
123 769 
36 950 
697 938 
474 723 
208 940 
49 843 
282 868 
216 770 
31 152 
331 727 
356 535 
69 195 
99 862 
447 690 
45 793 
49 133 
775 819 
455 654 
59 889 
53 592 
15 557 
644 690 
515 709 
397 605 
122 383 
748 913 
697 746 
462 846 
401 585 
133 634 
562 881 
21 627 
263 425 
142 891 
663 703 
26 944 
655 961 
358 531 
115 536 
119 387 
57 111 
186 724 
34 636 
141 937 
495 723 
30 302 
122 682 
310 519 
349 493 
8 198 
208 265 
753 937 
854 928 
404 628 
449 486 
542 855 
615 941 
465 776 
169 922 
333 453 
713 963 
19 897 
603 999 
289 866 
197 459 
365 692 
204 596 
85 115 
279 314 
367 723 
341 490 
52 269 
84 832 
537 929 
395 533 
697 973 
450 656 
141 921 
284 879 
374 890 
180 270 
680 829 
461 682 
519 673 
13 761 
515 840 
271 672 
287 599 
285 330 
201 842 
121 622 
12 699 
828 833 
706 977 
338 439 
102 672 
5 124 
87 657 
344 775 
136 244 
49 159 
133 919 
217 648 
48 814 
576 844 
233 787 
650 985 
62 561 
471 953 
558 984 
399 464 
398 753 
408 839 
549 608 
606 816 
642 901 
555 765 
203 901 
144 539 
109 391 
298 768 
519 892 
801 840 
564 825 
338 503 
848 908 
876 926 
125 768 
287 294 
44 596 
92 781 
562 726 
276 310 
210 312 
129 939 
166 689 
78 174 
284 629 
208 571 
652 776 
258 919 
718 871 
71 1000 
471 746 
211 501 
13 62 
405 889 
423 542 
469 698 
472 933 
412 818 
365 819 
109 424 
692 866 
199 568 
599 920 
303 665 
193 527 
916 951 
255 611 
77 171 
59 213 
626 655 
437 842 
352 874 
344 797 
474 993 
722 848 
475 879 
317 428 
372 873 
221 744 
103 328 
177 284 
125 386 
375 801 
697 731 
490 575 
63 656 
186 827 
193 733 
234 242 
681 814 
245 421 
119 355 
572 608 
133 772 
136 560 
238 576 
93 615 
259 304 
705 884 
314 547 
222 277 
159 682 
567 604 
174 548 
19 39 
718 913 
127 960 
285 535 
471 728 
565 701 
331 912 
370 783 
550 982 
56 928 
62 304 
331 595 
44 617 
413 633 
542 936 
137 924 
71 279 
84 946 
433 941 
582 675 
282 976 
123 751 
655 713 
137 845 
11 688 
147 997 
392 822 
347 848 
311 944 
109 821 
86 375 
67 964 
141 969 
391 762 
547 890 
515 939 
333 638 
873 881 
563 924 
225 563 
687 860 
139 585 
351 805 
280 407 
628 907 
122 633 
295 938 
781 833 
149 770 
95 596 
142 723 
273 667 
122 800 
513 638 
246 764 
82 171 
383 579 
131 456 
317 403 
262 826 
265 674 
879 882 
445 759 
370 670 
131 515 
82 596 
161 510 
90 542 
275 908 
222 590 
272 340 
421 466 
21 663 
202 683 
61 89 
271 814 
138 184 
307 697 
371 463 
233 881 
62 554 
266 875 
468 971 
125 166 
646 991 
854 939 
63 214 
95 302 
156 189 
15 513 
22 604 
111 480 
88 140 
437 994 
761 791 
473 616 
217 759 
181 944 
416 783 
561 742 
300 330 
283 571 
134 964 
87 243 
109 892 
759 786 
830 931 
216 879 
72 327 
664 778 
830 836 
140 421 
306 553 
825 913 
273 275 
71 175 
510 588 
55 501 
269 339 
338 751 
104 973 
400 668 
312 993 
627 678 
515 685 
188 259 
115 205 
56 884 
431 854 
282 459 
449 814 
224 980 
718 728 
181 477 
661 790 
248 302 
272 927 
730 786 
74 683 
118 432 
27 482 
728 880 
315 834 
274 948 
213 321 
360 767 
231 243 
567 833 
277 730 
682 935 
176 908 
1 206 
412 856 
251 324 
160 856 
76 201 
70 319 
33 393 
278 478 
330 819 
17 967 
898 991 
741 970 
793 895 
588 899 
30 982 
14 528 
352 803 
262 510 
34 976 
17 569 
438 833 
540 697 
374 993 
93 897 
137 307 
226 753 
102 608 
228 481 
688 918 
494 941 
