555 893 
108 545 
589 617 
127 984 
586 597 
548 642 
245 420 
198 309 
492 618 
50 162 
377 687 
3 394 
40 179 
391 908 
219 516 
41 144 
889 909 
55 159 
41 573 
110 841 
83 252 
339 561 
15 110 
249 640 
13 212 
306 717 
326 424 
82 907 
118 762 
649 906 
590 814 
15 715 
28 633 
483 695 
131 215 
688 958 
481 655 
242 321 
251 770 
49 97 
497 877 
422 648 
115 543 
501 823 
307 782 
554 977 
579 739 
311 718 
66 600 
748 764 
844 969 
242 802 
823 903 
59 427 
427 846 
4 185 
190 468 
826 887 
818 906 
91 984 
78 650 
55 632 
352 604 
385 614 
201 730 
342 427 
527 658 
73 400 
394 873 
23 77 
160 688 
350 923 
31 240 
17 752 
778 853 
357 765 
463 666 
85 789 
239 620 
263 883 
739 981 
305 834 
105 560 
504 870 
146 292 
146 523 
38 571 
642 778 
64 790 
152 571 
320 466 
701 799 
847 867 
16 119 
26 374 
107 210 
30 790 
557 578 
120 989 
741 780 
97 496 
621 631 
797 812 
118 129 
53 718 
508 602 
367 979 
602 617 
254 443 
268 405 
62 438 
200 905 
26 435 
182 895 
330 776 
466 550 
399 797 
683 842 
11 16 
235 574 
17 871 
259 925 
353 689 
111 553 
9 393 
113 763 
275 403 
263 397 
678 712 
648 696 
468 845 
526 767 
498 548 
610 647 
202 579 
324 335 
31 265 
791 874 
81 758 
97 195 
486 615 
164 900 
265 794 
48 191 
336 633 
190 687 
469 698 
723 765 
474 881 
222 935 
274 548 
729 761 
34 886 
302 800 
494 731 
369 620 
611 667 
142 853 
109 880 
287 761 
152 211 
402 610 
69 595 
68 102 
146 198 
963 989 
53 951 
155 879 
89 552 
482 745 
430 712 
249 392 
270 619 
125 469 
521 944 
215 607 
124 173 
496 578 
259 329 
443 884 
447 877 
110 525 
332 598 
686 783 
366 549 
516 724 
256 661 
200 780 
181 612 
285 347 
610 730 
119 634 
79 255 
378 625 
180 350 
244 525 
399 781 
313 594 
21 405 
373 909 
1 636 
243 472 
682 730 
604 787 
717 736 
425 852 
694 906 
647 654 
54 269 
154 182 
702 953 
504 661 
10 964 
214 337 
800 866 
657 992 
532 794 
466 628 
207 885 
547 809 
356 741 
234 389 
17 904 
220 301 
180 897 
229 668 
13 351 
159 946 
33 984 
538 625 
308 420 
301 393 
527 660 
304 518 
41 536 
196 988 
4 57 
488 696 
237 504 
186 979 
37 950 
96 436 
96 522 
556 944 
4 967 
7 32 
736 931 
206 896 
811 959 
151 395 
141 390 
63 892 
80 723 
366 424 
50 533 
498 919 
227 764 
83 946 
470 492 
25 351 
548 638 
558 657 
204 607 
452 651 
256 510 
374 578 
415 660 
124 703 
784 838 
202 772 
214 655 
444 983 
548 892 
788 915 
508 696 
650 845 
747 989 
284 721 
13 217 
336 780 
674 925 
112 408 
71 355 
334 899 
482 889 
221 515 
12 878 
17 776 
245 935 
189 428 
327 857 
53 889 
52 820 
35 753 
121 698 
67 402 
224 609 
320 570 
32 700 
513 603 
57 259 
327 424 
811 984 
14 244 
313 637 
424 984 
173 248 
249 578 
224 469 
43 432 
547 934 
294 777 
411 937 
204 861 
46 931 
399 629 
562 725 
567 793 
67 104 
74 298 
454 982 
579 983 
652 983 
192 472 
294 870 
24 217 
20 74 
298 492 
444 750 
123 412 
767 950 
382 897 
82 849 
30 708 
384 391 
227 842 
539 717 
149 900 
563 896 
658 684 
274 946 
602 934 
673 857 
427 542 
90 204 
526 563 
540 634 
337 816 
497 575 
242 858 
209 697 
444 712 
778 907 
500 754 
93 958 
217 325 
172 395 
350 574 
49 717 
10 752 
22 225 
451 853 
730 960 
40 993 
556 825 
133 800 
404 661 
1 193 
384 750 
424 520 
557 662 
560 777 
102 759 
192 471 
272 377 
12 25 
867 926 
298 477 
98 246 
316 902 
264 919 
244 795 
250 725 
91 276 
193 438 
324 610 
613 717 
11 367 
64 640 
408 957 
703 969 
759 983 
47 180 
40 58 
400 984 
373 733 
571 579 
464 770 
18 459 
447 577 
493 821 
800 962 
290 401 
145 613 
150 226 
393 462 
58 329 
337 860 
70 790 
655 709 
221 871 
119 210 
564 607 
309 799 
596 945 
326 992 
206 556 
755 840 
269 946 
42 99 
508 622 
377 549 
575 742 
418 984 
448 649 
65 414 
283 435 
194 512 
509 713 
562 573 
593 932 
567 990 
647 878 
182 195 
491 652 
228 837 
466 839 
660 902 
521 785 
157 762 
589 754 
577 807 
431 918 
504 560 
711 841 
73 114 
530 758 
599 992 
310 337 
416 675 
448 522 
398 488 
470 627 
217 349 
145 886 
211 427 
479 727 
82 914 
135 838 
109 676 
103 930 
213 652 
213 558 
256 579 
448 562 
185 530 
666 973 
247 665 
563 806 
241 580 
247 581 
342 659 
153 779 
347 682 
65 579 
580 777 
596 828 
409 776 
105 391 
17 229 
705 847 
323 629 
377 541 
265 941 
602 854 
374 697 
22 74 
500 643 
410 701 
61 85 
395 786 
213 423 
129 973 
253 386 
352 606 
835 864 
655 924 
287 898 
277 626 
189 313 
328 972 
475 681 
475 978 
15 799 
12 360 
168 200 
543 708 
391 911 
542 678 
307 380 
221 954 
63 756 
469 517 
933 960 
316 326 
719 865 
280 562 
98 415 
809 891 
125 542 
500 736 
259 582 
464 823 
290 850 
73 202 
811 970 
813 847 
249 335 
882 885 
256 996 
180 188 
285 477 
601 866 
335 827 
532 974 
437 494 
465 506 
118 370 
901 957 
358 553 
99 422 
362 536 
332 795 
171 620 
269 292 
566 838 
703 805 
186 611 
341 894 
177 789 
698 900 
484 504 
315 378 
13 757 
427 875 
100 586 
203 372 
96 111 
246 474 
181 233 
313 561 
643 974 
40 454 
65 762 
473 729 
403 733 
139 281 
145 328 
758 785 
321 555 
364 767 
638 982 
649 895 
748 963 
251 588 
122 619 
23 961 
401 599 
678 917 
5 698 
942 956 
190 666 
664 691 
253 299 
329 426 
214 341 
28 133 
302 776 
465 501 
696 967 
417 908 
450 805 
81 475 
502 642 
48 293 
134 584 
328 978 
577 974 
38 587 
88 356 
133 308 
223 521 
546 728 
193 646 
342 748 
595 957 
855 967 
330 993 
497 876 
495 597 
299 392 
189 613 
395 530 
121 893 
125 562 
156 181 
613 720 
302 331 
374 435 
278 389 
4 781 
108 650 
99 690 
17 525 
102 566 
12 796 
151 709 
356 955 
521 962 
703 894 
92 943 
585 928 
286 781 
496 747 
154 233 
658 760 
147 766 
663 773 
273 658 
529 903 
115 551 
134 341 
714 886 
530 734 
109 841 
424 726 
151 346 
522 968 
188 839 
893 952 
253 909 
65 996 
592 986 
50 68 
559 913 
905 969 
530 544 
361 935 
21 724 
59 441 
235 748 
163 788 
405 688 
333 883 
68 922 
502 561 
178 394 
107 503 
421 602 
661 919 
344 470 
46 762 
906 1000 
4 817 
236 312 
674 813 
395 430 
152 165 
262 960 
114 482 
535 640 
479 525 
448 763 
331 838 
411 968 
257 652 
400 703 
543 651 
506 730 
547 575 
495 888 
489 928 
441 486 
389 841 
112 914 
133 621 
15 927 
350 693 
103 961 
652 685 
822 897 
894 970 
164 920 
111 836 
368 908 
445 963 
467 542 
431 644 
445 868 
502 532 
267 941 
214 453 
693 777 
90 845 
363 661 
139 621 
92 668 
496 902 
436 894 
193 918 
77 287 
277 441 
185 761 
203 913 
736 899 
661 873 
67 330 
177 352 
12 610 
836 850 
239 529 
269 865 
825 956 
345 961 
403 888 
652 887 
371 733 
12 876 
385 899 
136 639 
454 859 
594 977 
917 944 
466 868 
43 487 
292 622 
737 882 
343 498 
179 205 
500 834 
219 562 
247 481 
389 558 
49 865 
570 619 
157 869 
461 687 
400 932 
487 595 
466 601 
439 801 
502 956 
68 949 
228 532 
96 575 
666 827 
653 730 
587 753 
209 402 
271 685 
117 568 
4 909 
34 88 
332 742 
662 817 
273 873 
517 594 
138 605 
699 778 
724 848 
599 954 
674 773 
493 780 
103 490 
387 406 
24 658 
599 762 
142 462 
56 505 
176 618 
39 755 
139 471 
25 924 
299 407 
193 665 
130 683 
701 703 
453 518 
880 965 
609 826 
136 163 
37 220 
125 912 
220 651 
771 922 
204 529 
436 917 
611 864 
268 790 
375 833 
166 781 
202 613 
158 816 
146 442 
136 612 
33 287 
445 501 
417 872 
251 687 
449 861 
65 182 
713 905 
467 499 
68 398 
761 801 
136 583 
541 545 
298 386 
405 887 
832 949 
405 455 
15 114 
510 514 
4 897 
124 287 
6 92 
614 752 
88 738 
256 968 
525 756 
426 617 
440 682 
452 863 
597 988 
235 256 
79 407 
674 860 
536 965 
271 969 
640 926 
375 583 
180 533 
760 931 
476 803 
657 960 
512 721 
455 860 
467 525 
4 745 
786 910 
161 273 
123 699 
303 716 
196 598 
726 787 
100 516 
357 512 
143 833 
2 180 
741 984 
427 852 
753 913 
346 694 
409 915 
546 900 
260 515 
112 635 
576 666 
591 846 
668 784 
596 998 
220 811 
274 648 
94 510 
364 770 
580 992 
124 542 
393 511 
662 826 
523 959 
641 882 
79 207 
349 429 
184 619 
210 906 
34 922 
448 840 
2 285 
38 758 
647 855 
57 155 
69 459 
660 738 
300 611 
51 787 
327 616 
808 961 
53 789 
620 965 
458 748 
61 238 
499 847 
939 995 
141 632 
435 833 
459 796 
583 654 
438 462 
125 832 
409 599 
511 624 
404 747 
102 970 
125 622 
452 811 
314 323 
51 474 
551 675 
366 676 
584 644 
257 968 
36 362 
408 867 
374 686 
158 215 
540 913 
789 975 
210 761 
209 856 
437 915 
109 426 
292 563 
477 807 
126 913 
590 818 
513 966 
606 864 
184 327 
138 265 
198 403 
838 889 
305 503 
498 674 
807 844 
645 836 
147 666 
221 550 
49 535 
127 453 
511 757 
335 437 
121 789 
692 833 
147 406 
601 931 
146 309 
803 812 
411 981 
142 205 
55 79 
659 741 
359 706 
295 953 
165 826 
188 278 
109 406 
373 508 
685 808 
195 237 
481 564 
614 628 
733 915 
745 770 
31 983 
309 440 
539 605 
478 587 
290 720 
192 539 
53 916 
121 736 
27 796 
187 996 
752 818 
241 363 
134 802 
310 351 
209 576 
252 839 
105 792 
138 704 
192 884 
216 545 
557 909 
541 799 
380 889 
94 174 
596 787 
208 295 
299 720 
77 685 
43 557 
510 661 
140 582 
165 550 
950 962 
169 729 
827 871 
111 218 
72 992 
22 98 
686 688 
777 856 
272 804 
629 758 
522 575 
88 606 
674 914 
220 614 
160 467 
204 726 
10 150 
52 493 
540 914 
678 741 
204 226 
399 987 
658 859 
157 730 
268 685 
594 706 
139 723 
227 597 
279 856 
405 542 
113 928 
810 883 
233 884 
765 766 
130 500 
76 611 
80 704 
498 634 
318 695 
576 675 
133 344 
218 673 
941 991 
497 625 
352 545 
9 363 
54 805 
609 690 
708 867 
15 882 
146 852 
596 901 
627 737 
532 604 
322 510 
306 783 
134 475 
168 230 
168 234 
126 374 
730 945 
313 393 
98 399 
173 796 
389 728 
51 508 
323 372 
125 618 
165 596 
282 435 
77 897 
338 853 
102 686 
178 785 
331 612 
8 833 
701 736 
377 517 
354 893 
884 900 
893 984 
324 630 
698 983 
639 983 
266 647 
752 832 
330 485 
481 695 
98 916 
345 507 
680 913 
383 863 
514 634 
749 917 
183 298 
174 571 
128 756 
467 977 
467 710 
213 232 
847 848 
403 753 
105 543 
70 644 
211 334 
490 659 
302 880 
160 964 
46 598 
543 555 
169 838 
461 692 
497 538 
801 939 
707 777 
697 723 
222 966 
11 426 
248 978 
518 800 
137 394 
8 454 
59 92 
208 424 
309 594 
295 782 
35 342 
26 419 
183 851 
448 464 
335 896 
118 349 
457 781 
873 980 
403 982 
383 456 
128 872 
493 520 
306 723 
695 845 
692 772 
349 686 
283 714 
154 688 
423 902 
342 410 
75 703 
897 912 
94 811 
356 417 
345 855 
309 482 
30 628 
198 881 
701 917 
503 539 
468 881 
85 508 
165 662 
237 505 
627 941 
515 898 
278 357 
218 874 
51 933 
408 416 
172 394 
511 582 
152 388 
36 194 
8 324 
488 528 
165 201 
21 1000 
122 750 
548 569 
119 296 
353 381 
528 944 
250 629 
554 953 
297 823 
396 530 
348 589 
285 574 
617 852 
369 642 
158 378 
156 658 
110 203 
63 282 
291 883 
167 523 
309 980 
17 205 
494 928 
740 841 
464 617 
516 725 
42 823 
318 697 
394 863 
57 102 
336 668 
698 852 
798 937 
304 602 
69 806 
279 382 
84 356 
257 450 
367 714 
408 445 
371 517 
3 78 
385 807 
420 800 
58 341 
257 686 
397 917 
419 450 
387 728 
241 811 
404 989 
527 605 
179 680 
203 435 
514 527 
258 921 
755 906 
292 812 
160 731 
189 522 
9 354 
260 978 
240 296 
576 838 
185 308 
490 939 
479 833 
414 747 
582 874 
368 782 
206 249 
206 662 
110 600 
15 364 
50 213 
329 782 
417 664 
171 196 
37 129 
778 785 
926 927 
301 824 
647 802 
881 957 
332 353 
13 972 
56 110 
557 926 
761 765 
116 720 
234 554 
776 853 
598 911 
371 788 
822 847 
188 315 
422 671 
72 716 
181 755 
485 733 
113 602 
380 722 
59 658 
532 828 
32 434 
431 843 
220 517 
209 964 
226 805 
5 532 
297 776 
319 549 
