15 34 
23 53 
3 16 
30 65 
8 57 
54 70 
29 44 
4 71 
74 85 
33 99 
17 75 
60 100 
43 48 
24 48 
88 90 
68 89 
57 60 
51 86 
46 73 
15 93 
18 37 
42 83 
2 65 
77 100 
3 37 
33 81 
37 92 
8 47 
26 57 
66 70 
26 96 
79 86 
57 77 
7 79 
39 94 
56 59 
33 90 
21 30 
41 63 
9 22 
32 100 
40 71 
4 100 
13 24 
37 53 
24 99 
45 58 
61 93 
47 99 
18 43 
3 58 
19 58 
17 86 
7 10 
1 45 
82 95 
33 47 
57 86 
20 51 
13 73 
22 50 
9 38 
54 78 
70 81 
40 44 
6 100 
69 99 
22 42 
73 94 
62 95 
23 25 
4 57 
14 60 
9 63 
15 25 
37 100 
11 50 
12 87 
10 34 
37 56 
1 49 
47 72 
63 83 
10 64 
81 84 
1 96 
78 80 
31 36 
15 48 
9 80 
67 87 
72 98 
50 53 
36 56 
40 52 
63 72 
10 17 
7 53 
50 97 
85 86 
