74 93 
18 100 
45 63 
9 96 
38 91 
2 55 
6 86 
59 78 
31 39 
18 46 
35 92 
28 76 
2 23 
4 87 
25 82 
6 95 
17 84 
45 83 
5 40 
65 89 
1 30 
29 62 
61 78 
53 62 
37 97 
48 85 
4 75 
24 48 
28 67 
31 75 
53 65 
7 95 
4 78 
3 24 
91 93 
72 90 
28 72 
5 92 
53 90 
21 42 
42 61 
34 93 
41 50 
9 38 
26 93 
6 33 
57 86 
25 51 
44 50 
26 38 
13 95 
63 67 
18 26 
36 75 
41 52 
41 43 
86 99 
10 90 
1 31 
75 81 
3 39 
66 100 
38 78 
55 79 
25 78 
2 79 
28 69 
30 35 
9 88 
44 64 
19 44 
2 37 
25 73 
27 65 
3 4 
4 61 
55 93 
33 70 
22 90 
10 50 
26 94 
24 34 
7 39 
10 42 
44 99 
37 47 
57 88 
36 50 
7 72 
98 99 
73 91 
4 49 
22 48 
22 50 
24 55 
27 78 
40 72 
8 57 
1 43 
15 58 
5 12 
61 72 
5 86 
85 93 
12 30 
12 99 
79 86 
75 87 
11 97 
57 98 
1 26 
20 92 
42 83 
26 78 
13 85 
18 85 
91 100 
24 47 
41 47 
53 70 
