56 66 
23 62 
52 100 
13 14 
33 92 
27 63 
29 31 
19 49 
24 68 
40 64 
29 88 
44 75 
71 80 
3 46 
19 76 
32 56 
4 70 
10 22 
28 92 
7 25 
5 15 
30 76 
83 100 
5 44 
9 38 
22 56 
17 18 
64 72 
31 75 
48 94 
30 77 
64 91 
15 30 
7 45 
47 73 
31 83 
7 38 
57 76 
25 70 
14 81 
56 61 
55 59 
23 79 
4 34 
68 72 
51 57 
38 77 
32 89 
25 27 
9 48 
44 97 
20 29 
2 42 
38 65 
49 66 
31 40 
61 93 
1 57 
60 87 
60 96 
4 50 
52 86 
3 64 
22 33 
20 36 
38 63 
3 65 
40 60 
56 96 
18 98 
23 94 
86 89 
8 67 
38 46 
5 67 
62 69 
30 47 
4 38 
36 47 
68 88 
9 75 
11 45 
58 61 
3 31 
16 32 
10 44 
18 75 
17 82 
14 75 
12 16 
70 100 
54 74 
38 47 
9 10 
37 96 
4 29 
4 53 
15 56 
78 80 
10 93 
58 97 
55 98 
93 98 
33 80 
49 94 
11 77 
36 77 
16 55 
25 84 
39 72 
32 72 
31 65 
1 27 
18 28 
35 61 
58 73 
53 92 
63 85 
33 54 
11 66 
