238 917 
68 540 
528 878 
598 952 
52 396 
184 787 
235 814 
99 239 
37 679 
145 724 
341 406 
384 885 
156 292 
529 739 
692 978 
47 139 
21 90 
232 729 
574 725 
363 654 
711 944 
278 940 
17 180 
582 634 
262 947 
154 770 
476 646 
262 446 
167 220 
579 763 
182 279 
179 833 
115 425 
526 653 
333 944 
85 815 
537 792 
10 145 
241 331 
742 974 
531 947 
397 835 
630 741 
271 357 
710 836 
316 443 
570 842 
498 607 
64 170 
2 346 
465 975 
373 472 
459 694 
308 580 
550 966 
6 972 
493 784 
99 497 
125 764 
309 534 
338 461 
409 435 
363 686 
1 531 
247 575 
386 952 
88 732 
52 658 
254 989 
637 748 
532 658 
246 814 
17 759 
99 177 
248 305 
27 699 
600 740 
471 474 
76 565 
157 480 
750 783 
178 602 
71 214 
257 438 
146 183 
245 313 
279 679 
482 753 
287 496 
243 319 
452 503 
8 701 
664 696 
88 555 
25 94 
895 994 
625 973 
279 969 
643 877 
400 823 
655 857 
449 739 
623 890 
260 619 
217 465 
519 969 
415 551 
606 733 
512 661 
529 702 
226 936 
580 659 
521 734 
356 866 
8 940 
633 745 
195 662 
801 976 
500 781 
11 871 
216 416 
92 371 
390 646 
577 598 
561 948 
478 939 
15 332 
831 1000 
159 247 
646 999 
184 974 
446 954 
671 979 
13 873 
554 899 
339 718 
233 906 
56 78 
63 931 
204 784 
733 874 
103 879 
585 689 
260 418 
368 649 
46 470 
498 931 
295 622 
127 729 
49 461 
64 649 
291 835 
746 851 
668 964 
907 966 
265 521 
16 561 
25 400 
145 259 
843 950 
308 812 
281 766 
486 921 
680 881 
32 661 
355 419 
260 352 
324 908 
703 937 
738 863 
290 688 
13 492 
835 999 
691 755 
93 835 
78 272 
459 502 
649 848 
64 162 
67 471 
226 692 
371 659 
389 443 
46 526 
667 960 
499 879 
661 822 
312 437 
680 875 
87 347 
330 517 
455 960 
327 778 
364 751 
617 838 
331 343 
256 881 
325 616 
334 678 
10 796 
45 859 
174 803 
129 421 
385 527 
149 209 
205 207 
708 800 
103 753 
235 254 
144 371 
80 573 
578 938 
27 105 
216 668 
932 983 
756 939 
386 980 
639 888 
128 586 
99 150 
89 297 
126 438 
179 540 
225 707 
377 764 
414 931 
495 725 
587 995 
365 828 
278 332 
248 823 
157 924 
447 755 
333 437 
646 817 
685 735 
593 864 
194 303 
665 667 
759 856 
314 687 
53 348 
292 459 
125 734 
13 504 
182 748 
15 682 
106 618 
600 664 
122 835 
215 308 
118 413 
572 983 
319 949 
203 286 
243 669 
732 779 
328 410 
236 555 
91 775 
471 925 
691 849 
807 885 
384 756 
898 967 
197 353 
414 452 
340 767 
57 473 
89 905 
426 504 
680 888 
519 522 
3 579 
157 687 
16 92 
95 159 
191 354 
604 785 
328 897 
287 766 
404 462 
262 308 
118 749 
283 659 
172 307 
464 494 
120 777 
308 605 
395 662 
378 801 
389 465 
158 524 
82 571 
181 504 
763 913 
3 727 
830 849 
588 783 
165 482 
86 161 
475 730 
371 923 
31 92 
404 821 
185 601 
187 544 
663 745 
562 807 
42 960 
364 423 
351 932 
23 831 
760 896 
778 929 
211 732 
165 867 
446 601 
482 765 
336 404 
198 901 
258 430 
481 582 
349 833 
245 953 
357 435 
278 403 
316 859 
324 651 
8 329 
233 734 
309 553 
604 797 
431 641 
101 870 
142 681 
727 915 
167 814 
289 359 
41 569 
96 774 
171 413 
772 900 
574 820 
714 930 
130 901 
190 952 
414 767 
870 944 
211 744 
126 205 
119 371 
418 458 
325 363 
47 297 
344 951 
395 533 
101 304 
317 544 
106 887 
510 976 
551 990 
498 577 
720 880 
776 861 
508 650 
870 915 
658 882 
791 839 
326 893 
26 823 
162 736 
227 907 
406 738 
40 64 
169 759 
294 450 
434 878 
23 723 
623 779 
680 948 
630 862 
1 450 
112 604 
194 598 
79 321 
619 624 
180 980 
82 937 
408 588 
605 736 
840 888 
429 812 
373 584 
417 770 
574 929 
745 889 
360 760 
55 425 
389 611 
5 470 
652 726 
562 911 
64 785 
492 498 
183 256 
353 374 
606 823 
558 612 
696 986 
695 800 
5 973 
506 858 
455 604 
26 735 
47 922 
88 208 
716 852 
191 777 
261 653 
234 876 
449 498 
243 802 
344 749 
635 689 
361 646 
65 372 
7 73 
24 57 
205 499 
796 889 
482 583 
85 762 
860 904 
630 703 
790 830 
254 705 
851 902 
41 581 
482 785 
129 926 
81 804 
66 490 
21 667 
287 392 
531 744 
151 972 
201 419 
541 976 
608 855 
306 544 
973 995 
727 964 
38 309 
690 711 
34 832 
348 523 
75 858 
282 561 
312 875 
739 743 
389 495 
438 651 
247 335 
500 650 
259 978 
536 865 
537 780 
156 845 
841 925 
56 380 
147 894 
16 824 
157 377 
39 318 
141 715 
12 777 
21 311 
407 889 
162 487 
332 813 
214 951 
28 437 
657 980 
51 722 
624 945 
664 771 
688 823 
650 906 
146 621 
195 845 
56 172 
513 579 
320 577 
453 525 
678 813 
471 862 
254 316 
204 573 
62 566 
72 173 
134 212 
57 486 
391 967 
7 104 
739 779 
388 700 
49 290 
336 716 
183 572 
171 556 
853 949 
72 954 
567 639 
317 333 
626 775 
107 853 
193 714 
439 931 
136 406 
635 847 
882 900 
395 884 
22 214 
32 933 
257 489 
198 625 
538 865 
26 486 
95 254 
190 349 
67 230 
814 910 
381 637 
500 700 
149 692 
429 994 
38 314 
110 238 
140 818 
268 429 
794 922 
288 696 
63 934 
268 921 
206 314 
167 963 
116 276 
526 666 
143 905 
617 640 
104 584 
116 605 
286 571 
131 576 
96 791 
259 303 
218 525 
637 720 
662 775 
150 640 
191 922 
548 965 
408 593 
550 903 
105 600 
95 901 
113 934 
90 142 
296 722 
33 92 
214 623 
551 901 
123 450 
88 310 
244 740 
478 601 
324 737 
653 655 
264 489 
23 72 
402 454 
46 185 
288 315 
773 781 
433 814 
97 431 
804 896 
46 585 
705 808 
95 534 
221 625 
788 922 
610 928 
69 78 
283 598 
518 860 
97 876 
108 121 
502 954 
229 960 
9 735 
341 500 
288 293 
74 962 
163 642 
156 530 
106 681 
521 942 
595 684 
130 171 
318 409 
173 423 
73 88 
502 721 
626 763 
280 639 
655 954 
479 810 
377 799 
192 905 
410 618 
294 770 
678 940 
16 282 
283 809 
321 534 
33 252 
357 956 
47 184 
804 809 
615 731 
99 995 
177 557 
261 294 
93 731 
769 900 
82 781 
636 791 
370 853 
168 913 
397 505 
373 429 
377 395 
430 649 
808 908 
759 881 
14 981 
311 846 
275 974 
391 727 
533 808 
363 939 
433 561 
59 523 
522 807 
32 579 
7 951 
413 608 
21 898 
446 804 
67 321 
860 981 
173 672 
213 918 
713 944 
37 990 
178 437 
31 842 
816 921 
239 317 
687 776 
175 279 
150 484 
566 823 
240 443 
2 749 
215 609 
97 798 
699 791 
3 752 
687 914 
755 978 
779 834 
52 830 
416 953 
239 966 
492 821 
611 924 
676 830 
574 732 
831 905 
660 750 
415 429 
692 901 
509 631 
112 452 
415 632 
687 906 
211 804 
432 497 
633 826 
688 698 
221 610 
487 762 
175 348 
107 658 
118 405 
997 998 
434 609 
563 941 
276 492 
28 516 
275 293 
785 789 
237 389 
647 930 
184 191 
436 608 
259 359 
375 987 
15 537 
81 663 
4 190 
446 642 
275 629 
789 885 
503 800 
446 596 
637 819 
291 943 
285 709 
3 232 
463 775 
217 769 
362 667 
489 585 
728 964 
203 955 
150 175 
249 500 
223 753 
1 118 
583 640 
188 377 
203 418 
190 354 
264 882 
460 479 
30 226 
397 878 
219 368 
285 378 
758 759 
122 808 
74 879 
635 672 
491 547 
266 538 
518 930 
463 928 
93 792 
316 379 
260 650 
507 971 
14 650 
273 713 
874 950 
693 883 
220 828 
209 331 
63 662 
796 841 
147 613 
21 590 
448 732 
300 941 
931 959 
289 735 
515 708 
140 696 
215 832 
121 815 
675 746 
855 953 
159 355 
525 984 
104 862 
361 782 
604 668 
705 961 
250 821 
339 695 
96 957 
86 749 
756 997 
514 689 
112 698 
453 589 
303 404 
448 568 
729 735 
612 995 
334 637 
48 455 
531 666 
600 639 
457 533 
21 951 
221 347 
687 961 
263 577 
144 307 
467 553 
190 903 
368 928 
663 681 
194 997 
295 868 
223 299 
204 611 
267 753 
526 883 
600 937 
661 902 
514 763 
743 986 
32 955 
244 403 
381 397 
37 925 
174 932 
225 346 
180 776 
585 816 
599 778 
126 748 
163 864 
704 783 
533 615 
523 604 
612 810 
243 507 
726 980 
144 215 
381 668 
165 854 
13 732 
33 517 
222 284 
244 528 
310 874 
22 272 
183 447 
138 792 
610 694 
384 639 
670 966 
630 821 
343 448 
692 906 
51 216 
568 983 
418 488 
792 884 
277 333 
268 733 
130 689 
481 997 
119 417 
56 774 
419 692 
757 847 
618 756 
262 563 
427 572 
879 925 
183 808 
632 924 
426 862 
467 913 
739 908 
230 982 
699 901 
551 881 
425 790 
565 568 
205 730 
291 510 
865 993 
327 597 
166 582 
237 370 
273 863 
202 275 
78 227 
248 461 
266 431 
297 835 
174 588 
558 920 
213 619 
293 474 
146 713 
422 440 
206 617 
156 196 
737 778 
11 654 
258 925 
51 683 
457 910 
278 484 
146 909 
51 218 
238 988 
86 713 
135 143 
144 316 
427 788 
510 657 
38 525 
273 359 
812 833 
642 859 
33 649 
595 946 
60 478 
240 931 
149 264 
211 826 
241 804 
359 531 
87 867 
41 212 
243 904 
83 894 
335 508 
114 666 
461 765 
14 599 
480 607 
851 997 
543 835 
363 674 
728 760 
653 762 
255 752 
331 362 
487 667 
256 353 
526 708 
843 962 
840 878 
230 232 
61 124 
419 744 
123 141 
147 498 
115 330 
272 400 
249 754 
641 857 
351 509 
56 829 
898 908 
652 877 
211 569 
111 595 
392 468 
397 778 
539 658 
108 274 
359 830 
320 885 
715 849 
680 715 
3 748 
608 813 
295 612 
278 502 
105 394 
615 783 
52 382 
119 629 
638 998 
399 527 
375 620 
577 933 
57 295 
172 843 
682 706 
480 899 
207 765 
145 700 
75 248 
769 818 
256 785 
315 559 
106 468 
504 814 
13 585 
162 544 
425 708 
409 944 
9 154 
123 762 
625 837 
271 740 
78 852 
101 541 
347 439 
236 990 
643 997 
520 633 
576 936 
593 888 
457 769 
247 860 
630 739 
284 827 
194 504 
210 361 
417 759 
187 746 
260 385 
41 576 
431 608 
585 772 
212 299 
12 65 
190 389 
86 870 
390 710 
286 562 
84 601 
378 924 
497 929 
426 446 
86 621 
266 674 
740 913 
560 779 
79 967 
539 964 
204 488 
117 535 
134 408 
337 427 
294 916 
283 442 
125 895 
130 893 
416 687 
472 557 
161 409 
270 779 
588 956 
253 272 
153 524 
152 953 
190 277 
131 254 
225 521 
637 764 
323 988 
588 946 
733 770 
119 169 
3 658 
196 934 
106 230 
313 884 
468 735 
496 772 
417 997 
60 956 
282 655 
282 516 
116 230 
77 390 
488 627 
85 531 
32 535 
513 955 
606 888 
226 337 
168 310 
4 646 
83 462 
462 960 
14 109 
111 433 
425 441 
936 971 
19 103 
408 808 
343 732 
162 320 
471 578 
4 413 
18 390 
136 965 
492 720 
123 880 
135 166 
255 309 
127 954 
41 941 
451 510 
288 866 
289 527 
106 976 
35 752 
673 780 
206 519 
389 526 
79 236 
536 754 
238 679 
317 697 
165 410 
116 885 
712 818 
48 280 
438 799 
46 187 
28 454 
415 997 
555 591 
108 251 
453 682 
710 980 
49 404 
140 835 
131 699 
317 819 
330 624 
214 843 
432 749 
609 702 
502 978 
233 479 
40 778 
82 620 
128 989 
29 890 
842 865 
36 51 
287 565 
62 360 
714 928 
81 991 
234 967 
383 715 
97 289 
269 909 
357 665 
596 705 
778 905 
750 795 
324 1000 
431 477 
139 207 
519 652 
161 335 
873 927 
287 453 
136 801 
331 395 
896 912 
834 932 
91 358 
26 203 
288 414 
786 842 
23 491 
55 129 
5 471 
435 896 
266 336 
728 806 
573 598 
75 543 
51 411 
629 710 
123 433 
189 935 
640 681 
600 677 
258 698 
535 962 
59 490 
284 590 
217 900 
501 968 
584 743 
352 541 
718 784 
858 871 
