309 873 
281 541 
554 960 
762 989 
166 780 
223 465 
877 905 
343 371 
506 575 
421 738 
77 923 
207 709 
284 987 
314 659 
409 455 
606 724 
167 652 
75 966 
64 585 
608 989 
875 960 
429 750 
363 696 
473 706 
378 987 
507 663 
888 943 
122 719 
18 860 
465 518 
404 620 
395 861 
150 320 
135 545 
53 835 
317 778 
696 877 
692 946 
480 733 
158 601 
108 246 
486 635 
738 871 
331 727 
181 922 
194 792 
496 796 
26 516 
411 941 
570 697 
58 688 
84 969 
791 855 
346 838 
377 753 
316 758 
91 257 
61 639 
258 678 
58 977 
227 753 
9 788 
90 359 
549 924 
90 239 
413 523 
672 906 
231 966 
518 669 
26 358 
430 860 
291 477 
439 730 
40 129 
351 699 
852 890 
174 676 
187 225 
286 391 
552 879 
165 865 
336 369 
362 770 
210 545 
841 914 
73 250 
541 555 
243 724 
108 382 
345 779 
383 804 
774 785 
399 620 
94 877 
740 741 
193 691 
580 973 
345 747 
104 142 
26 203 
104 443 
131 253 
462 472 
696 858 
114 332 
210 604 
107 708 
704 760 
244 350 
681 930 
156 277 
168 803 
23 328 
505 791 
38 95 
640 761 
64 506 
161 414 
57 317 
10 371 
274 690 
394 930 
156 717 
383 498 
160 537 
740 936 
471 882 
125 261 
444 772 
734 999 
87 232 
387 991 
281 674 
76 878 
721 729 
81 445 
266 762 
537 622 
197 789 
274 693 
118 634 
300 847 
262 844 
457 526 
135 732 
596 889 
537 987 
360 966 
507 844 
15 737 
311 799 
320 688 
501 965 
189 889 
224 559 
376 982 
499 866 
263 712 
661 805 
507 515 
193 423 
257 369 
99 437 
67 374 
88 787 
360 761 
31 59 
244 268 
109 241 
198 476 
845 950 
798 848 
686 879 
552 988 
411 485 
367 758 
465 790 
48 303 
5 16 
513 630 
658 717 
879 890 
19 78 
197 369 
119 883 
89 842 
855 903 
208 432 
192 702 
403 714 
652 696 
41 43 
49 718 
313 417 
425 984 
481 562 
32 436 
561 639 
203 830 
410 775 
288 990 
43 670 
211 675 
148 541 
178 350 
150 632 
197 317 
644 899 
242 999 
113 587 
370 790 
473 627 
535 891 
453 649 
520 756 
406 767 
76 887 
323 938 
230 567 
552 557 
233 991 
411 906 
165 484 
129 770 
6 588 
15 270 
483 877 
154 908 
389 523 
228 828 
149 309 
258 910 
515 928 
78 515 
19 391 
421 660 
277 710 
318 671 
832 906 
595 800 
456 852 
91 982 
62 378 
365 471 
219 627 
68 863 
594 936 
267 352 
172 920 
183 527 
138 879 
157 489 
96 934 
458 646 
289 560 
618 1000 
364 605 
254 799 
73 195 
746 772 
408 621 
671 774 
524 600 
15 210 
309 629 
663 708 
555 563 
526 797 
145 636 
133 666 
49 185 
747 803 
374 644 
200 568 
9 819 
4 126 
123 820 
299 365 
284 872 
61 658 
46 990 
244 777 
462 547 
144 342 
954 983 
360 726 
706 841 
198 568 
264 294 
62 118 
264 941 
165 753 
346 936 
463 960 
360 716 
13 133 
174 444 
294 461 
149 610 
294 553 
525 695 
300 358 
599 693 
571 639 
130 479 
123 282 
456 839 
199 670 
9 826 
120 869 
167 645 
124 573 
105 219 
41 638 
678 791 
454 850 
611 889 
92 213 
110 528 
311 518 
25 970 
135 853 
36 728 
396 475 
24 360 
484 642 
239 544 
674 710 
394 474 
664 827 
454 678 
30 199 
880 944 
53 605 
99 304 
83 177 
148 725 
142 186 
40 109 
500 802 
359 550 
85 817 
411 612 
207 912 
678 886 
346 377 
234 943 
457 752 
235 837 
439 845 
559 754 
114 721 
355 509 
73 382 
354 688 
351 352 
15 30 
223 362 
493 692 
224 925 
366 982 
535 701 
205 429 
643 712 
66 723 
699 729 
387 831 
529 691 
51 265 
59 831 
106 172 
36 200 
595 898 
713 975 
227 380 
291 754 
5 945 
433 775 
244 761 
229 884 
100 309 
100 836 
309 376 
580 988 
704 730 
17 64 
564 745 
183 318 
124 704 
531 679 
188 256 
804 999 
499 829 
546 748 
219 448 
59 740 
577 779 
103 754 
883 897 
550 614 
326 699 
374 985 
231 352 
648 845 
86 798 
280 941 
567 620 
464 566 
382 675 
40 298 
229 989 
549 941 
172 297 
216 848 
57 151 
560 878 
580 808 
542 828 
608 644 
3 152 
404 566 
139 460 
515 838 
310 408 
75 386 
217 832 
25 446 
225 380 
613 712 
335 428 
396 476 
473 610 
330 882 
22 990 
550 617 
145 178 
494 822 
103 159 
674 852 
5 665 
492 505 
471 982 
256 966 
116 523 
53 632 
125 427 
177 307 
217 553 
758 848 
115 556 
115 885 
512 675 
166 247 
133 664 
58 264 
497 742 
369 923 
647 778 
139 719 
624 821 
55 522 
1 393 
519 956 
254 347 
142 274 
58 84 
58 266 
350 473 
372 460 
167 744 
386 633 
282 600 
166 463 
259 806 
23 544 
282 552 
120 232 
370 740 
351 499 
880 976 
271 739 
585 916 
376 931 
731 979 
669 968 
380 701 
589 728 
355 850 
72 134 
703 826 
729 950 
469 700 
249 366 
454 999 
49 71 
254 310 
513 778 
136 877 
620 751 
315 951 
238 956 
520 612 
183 387 
105 952 
759 929 
352 797 
164 703 
281 959 
381 385 
57 886 
281 423 
858 922 
379 858 
897 990 
518 981 
2 74 
116 842 
188 695 
198 615 
665 699 
177 972 
35 527 
610 786 
517 528 
42 354 
118 889 
535 644 
109 395 
370 880 
286 596 
772 809 
639 731 
193 539 
177 902 
576 861 
449 939 
537 976 
447 505 
111 741 
603 644 
702 860 
617 752 
946 973 
444 541 
858 894 
611 932 
64 493 
480 659 
142 381 
301 791 
57 233 
415 924 
276 672 
382 854 
317 728 
679 897 
248 508 
509 887 
12 173 
176 711 
359 905 
172 679 
351 633 
329 652 
428 827 
7 370 
147 731 
821 953 
281 356 
71 634 
15 764 
258 898 
234 691 
30 166 
401 717 
115 598 
346 885 
317 751 
13 548 
328 643 
452 986 
45 884 
329 432 
43 973 
176 210 
373 857 
589 960 
575 733 
20 995 
602 636 
281 481 
679 947 
128 830 
395 845 
682 829 
275 388 
253 620 
358 873 
971 988 
76 584 
58 598 
245 454 
218 407 
137 167 
48 356 
364 964 
658 983 
631 940 
142 870 
245 290 
59 104 
602 633 
465 991 
635 974 
41 281 
515 626 
247 443 
631 682 
751 966 
223 681 
179 585 
741 799 
432 484 
138 307 
166 905 
329 988 
199 984 
728 831 
599 909 
274 879 
40 177 
366 679 
336 710 
137 652 
124 308 
712 784 
913 941 
285 340 
560 658 
269 940 
142 620 
126 901 
584 695 
11 460 
410 612 
373 376 
393 665 
673 860 
86 652 
4 229 
606 801 
312 410 
626 994 
509 636 
453 592 
215 259 
376 637 
128 558 
775 833 
325 393 
215 464 
333 828 
616 971 
674 878 
552 584 
711 828 
523 833 
471 642 
449 910 
319 486 
730 964 
720 730 
248 802 
533 757 
122 364 
252 717 
772 842 
223 842 
18 44 
223 652 
293 907 
206 709 
89 102 
811 993 
190 834 
618 834 
178 650 
413 551 
232 944 
659 693 
495 840 
38 339 
402 886 
135 928 
64 736 
407 951 
39 622 
4 345 
105 967 
84 801 
412 868 
427 673 
134 245 
385 387 
177 361 
1 151 
497 608 
172 353 
111 884 
255 746 
236 394 
234 713 
470 553 
189 526 
301 635 
447 961 
326 610 
38 555 
44 784 
324 928 
1 339 
554 719 
369 727 
337 810 
510 519 
456 651 
224 839 
531 558 
99 811 
21 643 
211 323 
574 970 
376 913 
36 264 
543 637 
536 690 
372 994 
405 976 
257 716 
86 528 
950 957 
420 631 
614 857 
430 462 
271 474 
150 675 
390 800 
104 264 
146 943 
690 811 
657 840 
521 847 
53 73 
688 826 
330 891 
270 452 
374 870 
44 785 
280 333 
499 700 
143 778 
355 652 
31 736 
646 963 
192 468 
50 786 
649 826 
278 925 
81 367 
359 979 
228 850 
275 565 
227 369 
556 670 
153 337 
273 402 
352 446 
358 904 
87 156 
58 579 
246 710 
120 667 
498 898 
62 586 
259 974 
603 840 
791 887 
756 780 
605 626 
415 531 
485 730 
480 586 
772 990 
507 838 
617 738 
246 266 
81 973 
180 793 
127 806 
258 524 
229 671 
440 969 
47 245 
106 283 
448 564 
802 910 
359 909 
298 328 
53 909 
409 927 
584 647 
191 708 
242 394 
129 475 
355 710 
186 960 
363 999 
478 897 
283 587 
261 977 
324 647 
446 877 
357 484 
203 684 
134 743 
57 718 
190 672 
49 329 
39 223 
379 451 
203 848 
710 736 
471 665 
461 541 
153 869 
251 323 
72 800 
49 878 
153 476 
313 459 
469 631 
308 748 
14 961 
716 970 
559 759 
316 646 
341 944 
237 394 
899 942 
96 387 
725 934 
575 671 
295 567 
24 120 
80 854 
463 823 
472 502 
156 525 
281 581 
7 358 
481 543 
311 461 
221 934 
645 943 
373 420 
6 518 
92 551 
127 159 
165 740 
172 340 
3 26 
249 723 
280 707 
285 715 
170 605 
352 538 
445 870 
70 150 
12 210 
218 436 
418 443 
829 986 
86 457 
577 882 
658 738 
403 678 
30 198 
125 819 
150 768 
694 779 
511 854 
494 700 
182 371 
187 990 
90 378 
939 947 
444 573 
21 927 
53 760 
329 655 
316 657 
268 806 
472 848 
370 717 
187 718 
91 144 
296 746 
772 987 
565 909 
788 823 
114 413 
272 961 
64 218 
627 771 
397 651 
77 765 
164 774 
24 923 
10 934 
487 754 
742 761 
383 430 
111 349 
360 558 
450 532 
701 942 
57 460 
105 697 
229 331 
2 698 
64 735 
515 575 
189 842 
29 927 
84 164 
634 953 
467 915 
478 723 
144 293 
57 127 
649 911 
106 322 
956 979 
510 609 
47 661 
307 484 
365 711 
442 727 
959 998 
669 930 
389 448 
340 647 
889 967 
740 860 
463 504 
659 721 
318 751 
422 705 
13 525 
277 766 
350 694 
320 624 
73 529 
7 115 
98 978 
538 807 
177 534 
274 643 
656 996 
703 715 
907 957 
566 751 
61 995 
481 883 
430 468 
52 590 
203 515 
36 678 
542 743 
157 385 
566 802 
226 962 
948 982 
674 986 
454 954 
183 297 
383 941 
454 844 
594 747 
223 498 
279 714 
857 975 
59 791 
538 1000 
652 930 
463 613 
761 968 
377 987 
482 742 
915 975 
705 731 
579 580 
185 586 
104 331 
116 964 
613 811 
116 239 
5 644 
83 410 
407 518 
59 207 
137 758 
577 642 
110 358 
831 893 
194 603 
684 960 
417 575 
361 900 
429 737 
623 718 
127 910 
101 842 
694 835 
263 561 
238 864 
415 740 
670 718 
237 677 
351 847 
188 579 
621 857 
646 757 
81 929 
703 772 
26 44 
247 425 
308 922 
806 891 
50 684 
877 889 
87 489 
386 935 
58 245 
337 683 
289 959 
50 212 
491 830 
146 523 
405 796 
467 574 
352 757 
502 878 
746 934 
293 294 
472 707 
870 975 
484 803 
92 921 
16 392 
374 899 
68 376 
387 668 
597 860 
42 960 
383 409 
102 652 
308 431 
33 346 
685 721 
77 860 
106 676 
276 792 
234 433 
441 970 
479 714 
286 950 
565 914 
576 765 
59 552 
217 633 
533 841 
648 674 
207 395 
820 980 
198 410 
49 687 
365 620 
752 828 
153 279 
275 318 
589 982 
237 518 
331 955 
406 832 
586 695 
466 832 
34 925 
6 108 
640 855 
689 773 
373 792 
316 861 
85 201 
389 756 
245 869 
448 682 
532 683 
305 595 
209 262 
177 781 
781 858 
439 977 
768 967 
208 976 
672 994 
433 641 
233 841 
89 666 
129 564 
547 905 
262 821 
379 901 
233 720 
291 462 
498 589 
629 675 
553 973 
892 934 
567 698 
74 943 
553 635 
458 738 
259 601 
22 527 
971 977 
532 893 
375 596 
17 504 
325 519 
214 376 
581 852 
16 990 
292 353 
605 937 
610 846 
335 607 
426 572 
712 901 
16 837 
793 971 
322 470 
749 893 
532 813 
639 657 
78 143 
134 540 
266 998 
310 394 
19 118 
161 279 
712 973 
488 593 
487 689 
446 794 
419 586 
361 690 
251 450 
213 498 
482 688 
529 885 
134 738 
70 382 
14 690 
360 445 
8 266 
254 495 
45 993 
122 479 
233 979 
586 730 
691 778 
16 527 
408 708 
226 694 
227 434 
266 849 
311 928 
575 932 
833 958 
128 844 
357 960 
165 340 
174 518 
92 677 
502 968 
298 633 
427 552 
615 938 
597 833 
