99 847 
218 714 
81 687 
535 748 
434 623 
93 406 
205 992 
18 888 
715 853 
302 501 
59 625 
394 577 
622 761 
486 623 
243 692 
356 394 
413 754 
729 779 
239 847 
471 900 
419 685 
76 417 
697 769 
132 715 
593 612 
530 614 
301 846 
260 756 
50 634 
562 738 
631 797 
781 922 
490 736 
208 718 
80 309 
398 923 
253 508 
659 787 
302 606 
60 600 
868 944 
177 890 
150 724 
236 937 
374 568 
144 244 
81 349 
114 153 
69 676 
285 903 
2 618 
673 923 
711 780 
312 414 
743 998 
358 762 
375 423 
315 580 
323 534 
389 810 
179 953 
197 213 
303 835 
442 999 
550 780 
281 340 
1 939 
504 939 
651 885 
636 944 
605 653 
641 848 
795 871 
330 720 
45 316 
570 652 
455 787 
29 159 
135 752 
23 741 
231 922 
255 472 
325 600 
266 878 
31 164 
582 733 
419 477 
159 301 
624 775 
374 794 
95 423 
711 802 
207 912 
699 729 
796 876 
603 860 
149 623 
355 840 
98 651 
46 943 
243 511 
506 809 
422 431 
852 945 
250 948 
86 390 
624 810 
445 607 
553 776 
271 906 
54 458 
28 455 
577 798 
93 799 
560 649 
191 352 
218 450 
553 669 
507 726 
271 954 
11 876 
249 868 
396 582 
402 443 
753 982 
164 770 
249 415 
53 731 
169 474 
39 391 
260 995 
306 896 
359 644 
35 78 
529 805 
50 931 
260 653 
249 291 
278 659 
196 693 
442 703 
571 896 
364 646 
212 487 
168 403 
250 697 
40 307 
848 849 
328 982 
599 951 
193 278 
20 140 
375 586 
211 773 
228 846 
554 738 
173 844 
171 723 
95 711 
146 249 
82 929 
136 1000 
558 909 
247 672 
524 752 
622 953 
648 963 
84 936 
329 553 
25 435 
363 775 
569 764 
186 236 
646 826 
335 784 
363 989 
325 465 
36 794 
558 757 
119 121 
17 565 
583 976 
180 220 
142 670 
407 795 
702 954 
333 513 
272 761 
526 640 
587 966 
130 912 
229 908 
48 253 
141 296 
22 36 
478 767 
338 482 
51 240 
455 655 
310 935 
51 457 
864 998 
761 996 
954 980 
89 582 
249 340 
22 680 
819 870 
419 514 
339 754 
79 825 
124 318 
676 974 
70 843 
177 268 
276 900 
429 882 
293 528 
425 447 
256 937 
82 346 
504 640 
624 733 
449 893 
584 998 
94 749 
130 438 
184 297 
531 915 
285 672 
63 378 
846 983 
523 808 
249 993 
40 618 
116 936 
416 843 
257 429 
106 320 
179 749 
929 947 
338 934 
542 597 
343 984 
100 283 
12 499 
533 680 
76 468 
258 607 
117 784 
528 993 
420 803 
496 635 
82 922 
463 710 
52 533 
439 953 
226 743 
239 926 
133 663 
561 871 
605 669 
276 604 
476 910 
419 740 
263 523 
326 666 
78 140 
714 984 
688 695 
520 594 
122 203 
16 304 
352 358 
305 624 
453 469 
184 964 
580 771 
505 895 
247 631 
576 726 
55 765 
461 650 
56 528 
168 596 
729 885 
646 989 
128 521 
319 503 
268 493 
705 993 
615 796 
171 706 
43 248 
81 976 
473 964 
238 310 
108 920 
81 612 
239 461 
417 484 
366 521 
592 897 
574 773 
204 994 
245 870 
37 559 
219 646 
143 456 
405 709 
672 915 
585 874 
83 358 
227 590 
750 992 
756 946 
624 813 
39 957 
200 543 
264 522 
708 939 
419 707 
114 930 
598 807 
256 687 
108 621 
765 791 
287 917 
50 405 
34 171 
476 787 
797 991 
31 656 
71 317 
321 960 
58 68 
6 940 
449 987 
334 777 
594 971 
29 902 
667 910 
809 953 
478 838 
574 585 
212 237 
300 311 
921 962 
344 987 
58 845 
490 884 
503 938 
719 899 
49 571 
449 975 
158 717 
20 669 
74 771 
167 596 
698 891 
621 943 
250 266 
926 932 
79 85 
142 710 
230 471 
65 595 
692 925 
81 104 
233 823 
6 373 
151 493 
241 587 
196 867 
18 233 
6 886 
141 624 
391 988 
447 660 
182 389 
142 334 
555 710 
492 841 
447 464 
64 140 
34 748 
655 684 
81 935 
336 938 
491 689 
165 178 
159 368 
638 870 
60 735 
279 923 
55 684 
67 944 
155 936 
18 513 
504 656 
81 718 
21 633 
77 549 
47 906 
415 959 
225 319 
507 625 
241 492 
96 959 
425 953 
296 564 
610 721 
355 618 
778 896 
198 280 
135 867 
383 729 
348 754 
185 375 
68 390 
217 326 
713 774 
314 781 
392 674 
176 374 
26 135 
217 656 
28 270 
109 173 
185 709 
23 649 
64 93 
598 898 
686 820 
618 698 
97 726 
240 430 
691 939 
195 488 
550 696 
184 500 
337 865 
397 496 
249 401 
104 964 
183 384 
467 567 
147 260 
100 496 
211 833 
63 858 
423 639 
272 508 
29 872 
275 465 
736 762 
361 707 
68 467 
83 208 
516 960 
423 763 
274 931 
800 981 
528 671 
786 872 
684 692 
871 921 
227 995 
408 410 
204 856 
212 314 
438 502 
543 705 
777 832 
91 610 
472 865 
475 700 
159 541 
554 630 
573 795 
348 744 
289 863 
680 738 
149 424 
664 967 
448 826 
312 971 
197 252 
376 831 
207 477 
419 548 
433 653 
253 795 
178 877 
398 956 
279 655 
497 745 
137 813 
121 900 
66 600 
374 848 
193 214 
155 446 
204 859 
261 916 
654 924 
75 338 
230 561 
246 769 
222 581 
152 679 
327 761 
541 878 
416 682 
604 904 
786 946 
111 868 
688 807 
66 195 
171 750 
134 537 
199 409 
667 887 
455 505 
401 443 
582 983 
879 978 
623 892 
32 560 
303 619 
362 813 
516 795 
703 963 
34 857 
203 352 
857 909 
532 928 
579 901 
405 771 
931 940 
403 448 
697 704 
602 896 
480 898 
592 753 
121 754 
162 427 
380 717 
66 552 
156 282 
390 944 
124 420 
535 876 
115 829 
623 675 
305 925 
113 356 
318 940 
31 270 
246 360 
264 783 
682 936 
52 246 
199 982 
48 682 
223 330 
593 685 
149 836 
270 676 
58 215 
618 750 
406 905 
343 770 
674 986 
481 834 
159 238 
493 551 
753 835 
291 342 
597 980 
648 881 
393 534 
783 812 
557 908 
160 987 
159 192 
65 740 
243 441 
435 870 
189 944 
491 540 
589 787 
48 533 
427 651 
296 966 
35 843 
165 525 
142 379 
31 713 
250 275 
192 355 
376 958 
612 930 
622 776 
526 753 
332 895 
217 917 
566 680 
85 557 
754 899 
229 527 
393 634 
884 963 
597 888 
225 972 
202 608 
8 594 
138 297 
37 264 
725 747 
458 573 
347 616 
899 975 
84 620 
855 959 
73 851 
523 845 
99 315 
482 520 
617 693 
431 642 
373 707 
432 512 
543 654 
303 663 
67 276 
375 432 
107 422 
113 765 
146 216 
55 349 
507 513 
408 622 
83 547 
478 757 
36 168 
204 946 
89 971 
383 884 
178 494 
363 808 
220 904 
42 825 
617 800 
272 371 
656 858 
730 976 
36 288 
469 603 
357 574 
49 509 
154 485 
467 636 
575 596 
192 797 
518 988 
133 451 
1 645 
772 992 
876 937 
344 985 
338 622 
593 821 
425 904 
668 803 
116 239 
112 147 
506 889 
590 903 
407 732 
462 601 
182 992 
514 864 
680 860 
34 988 
547 710 
370 400 
217 776 
612 631 
208 434 
524 641 
248 513 
293 887 
32 895 
171 801 
85 500 
8 988 
163 261 
653 779 
779 934 
109 784 
52 845 
902 914 
500 942 
481 970 
141 724 
84 886 
449 722 
391 454 
54 381 
742 902 
476 715 
39 626 
147 626 
15 614 
84 397 
1 794 
558 852 
254 937 
70 206 
452 877 
281 501 
152 350 
671 915 
468 592 
123 324 
772 848 
410 765 
290 394 
422 688 
223 238 
573 677 
570 877 
226 560 
174 838 
251 505 
919 940 
632 847 
295 332 
460 924 
703 785 
82 542 
255 657 
626 814 
403 706 
537 935 
11 644 
347 883 
259 531 
199 529 
46 639 
2 637 
377 545 
239 375 
39 941 
582 858 
697 889 
89 510 
63 688 
266 661 
606 842 
708 731 
14 730 
705 950 
204 247 
280 906 
725 842 
165 517 
731 944 
442 914 
316 354 
142 818 
155 955 
658 832 
493 586 
135 259 
121 241 
332 983 
888 930 
274 296 
186 745 
433 899 
253 881 
458 820 
330 427 
765 875 
322 522 
413 595 
550 795 
38 199 
875 899 
404 459 
192 615 
108 447 
226 300 
114 296 
582 907 
488 595 
212 347 
70 659 
189 443 
407 912 
451 461 
457 721 
151 285 
245 788 
9 659 
27 323 
90 923 
155 298 
35 719 
26 859 
280 886 
417 436 
615 990 
619 674 
4 737 
646 661 
246 596 
291 489 
886 905 
391 632 
882 991 
375 441 
208 491 
150 868 
326 529 
205 321 
644 771 
157 335 
283 650 
23 259 
137 750 
78 328 
570 773 
560 873 
234 863 
200 765 
111 923 
40 285 
453 566 
328 585 
114 445 
244 487 
245 357 
353 881 
65 216 
273 810 
29 219 
479 608 
220 418 
335 595 
846 858 
87 324 
636 745 
329 746 
628 685 
220 537 
115 175 
700 906 
639 945 
327 615 
439 705 
282 990 
691 835 
77 689 
173 364 
315 364 
303 896 
112 621 
436 778 
632 995 
102 620 
378 632 
26 580 
293 475 
55 248 
399 839 
783 936 
105 639 
463 503 
467 479 
577 878 
463 826 
129 275 
840 959 
384 905 
89 276 
9 136 
67 719 
508 841 
33 357 
302 623 
20 852 
134 632 
603 670 
99 265 
146 784 
629 726 
319 344 
173 753 
229 329 
907 955 
172 435 
376 887 
558 765 
123 957 
99 901 
800 971 
607 755 
198 826 
323 426 
436 657 
407 733 
357 941 
398 446 
122 632 
375 1000 
219 353 
411 691 
323 434 
678 889 
325 675 
426 737 
83 432 
499 705 
298 512 
639 669 
334 397 
72 499 
9 602 
704 953 
194 499 
673 913 
104 711 
11 320 
104 598 
712 942 
108 353 
647 959 
22 745 
621 842 
203 962 
585 947 
521 907 
470 656 
222 671 
52 988 
294 891 
480 827 
449 710 
444 957 
557 941 
131 863 
48 953 
456 811 
46 696 
277 539 
114 346 
544 678 
248 924 
39 823 
459 517 
328 380 
443 979 
456 876 
563 965 
52 745 
141 397 
439 548 
204 574 
424 605 
191 766 
164 489 
146 400 
184 557 
298 357 
46 54 
296 981 
73 951 
714 915 
355 549 
156 534 
378 952 
572 712 
326 525 
112 267 
21 197 
484 644 
484 627 
404 793 
697 978 
52 632 
693 746 
50 753 
6 806 
821 834 
103 446 
58 298 
97 517 
20 680 
119 336 
591 825 
145 809 
153 486 
290 389 
169 854 
72 920 
287 898 
365 510 
478 618 
275 728 
766 822 
121 954 
114 402 
852 951 
631 892 
839 990 
425 593 
501 583 
786 876 
417 982 
327 604 
361 978 
595 755 
639 913 
240 814 
178 708 
359 617 
530 657 
269 683 
300 326 
675 754 
229 733 
39 866 
502 667 
646 952 
660 695 
406 903 
542 909 
143 481 
732 847 
172 281 
122 215 
607 764 
218 518 
77 643 
105 169 
247 863 
102 732 
688 962 
363 823 
869 965 
265 570 
392 521 
88 578 
4 25 
886 983 
246 610 
254 446 
374 511 
436 922 
451 959 
147 612 
110 359 
467 827 
174 697 
559 841 
48 748 
139 314 
200 681 
746 911 
704 970 
17 125 
184 956 
526 573 
451 582 
677 741 
177 898 
40 352 
489 954 
662 715 
52 130 
632 694 
586 697 
554 717 
82 679 
349 839 
62 985 
719 828 
365 486 
360 777 
729 972 
77 718 
719 783 
264 666 
65 362 
546 871 
471 739 
176 788 
449 863 
56 702 
327 384 
717 811 
558 654 
348 742 
425 925 
414 992 
34 352 
318 882 
165 173 
734 902 
485 844 
99 967 
362 649 
133 297 
448 948 
61 547 
200 433 
358 959 
173 183 
183 721 
430 806 
116 430 
294 925 
383 725 
290 348 
167 345 
295 696 
62 222 
477 794 
425 792 
683 829 
292 986 
502 606 
66 435 
326 744 
63 757 
50 105 
212 275 
43 608 
314 986 
42 502 
227 413 
489 599 
557 616 
587 999 
85 713 
658 763 
35 875 
113 844 
68 852 
498 702 
55 761 
175 287 
342 440 
310 917 
596 617 
371 684 
522 811 
218 278 
310 760 
48 376 
832 994 
150 418 
510 942 
367 523 
485 704 
602 633 
284 486 
86 768 
269 588 
278 928 
640 967 
683 848 
83 440 
71 483 
238 299 
265 544 
4 442 
276 531 
665 709 
132 268 
213 517 
564 915 
723 983 
788 906 
185 543 
401 402 
176 246 
523 636 
374 935 
195 332 
68 263 
85 101 
26 795 
377 957 
11 680 
51 378 
473 926 
