40 90 
123 157 
53 200 
88 104 
251 267 
55 166 
65 98 
98 181 
109 226 
278 282 
43 240 
53 66 
68 200 
96 216 
161 186 
132 274 
113 177 
57 113 
43 117 
79 241 
66 258 
112 228 
106 172 
36 64 
207 260 
43 72 
33 155 
112 283 
19 229 
193 241 
71 208 
212 286 
58 145 
210 286 
150 278 
134 287 
28 248 
63 265 
58 191 
74 207 
39 107 
139 282 
71 169 
85 219 
58 61 
22 275 
18 65 
196 265 
257 281 
193 289 
34 116 
5 229 
38 227 
255 293 
54 175 
48 216 
38 159 
114 246 
154 283 
63 212 
32 90 
99 269 
72 91 
19 266 
188 289 
24 177 
45 173 
90 191 
83 271 
59 214 
161 231 
185 253 
86 161 
202 215 
47 292 
66 263 
226 229 
11 21 
189 230 
173 183 
15 229 
191 250 
183 270 
62 156 
193 200 
13 38 
37 97 
178 276 
146 267 
68 95 
153 161 
239 288 
108 281 
25 285 
188 231 
28 274 
82 87 
3 261 
159 182 
186 210 
65 144 
18 281 
18 300 
72 162 
49 90 
77 298 
127 215 
239 284 
217 218 
113 135 
103 265 
56 165 
92 114 
14 211 
107 265 
209 241 
136 259 
42 169 
227 265 
193 287 
148 238 
75 163 
58 122 
143 254 
33 277 
151 236 
131 168 
231 284 
4 100 
19 265 
37 115 
154 221 
131 177 
164 213 
45 111 
61 176 
23 147 
91 235 
77 93 
155 275 
117 255 
2 295 
239 277 
184 295 
89 266 
12 122 
113 198 
23 231 
30 43 
32 145 
96 239 
192 193 
84 132 
104 134 
163 300 
86 94 
81 141 
73 279 
38 83 
32 250 
50 80 
75 182 
143 278 
139 259 
199 284 
245 283 
25 60 
16 24 
19 214 
166 199 
149 253 
209 300 
187 284 
245 281 
95 188 
115 241 
53 297 
63 224 
15 132 
13 187 
143 253 
76 160 
211 231 
73 83 
33 92 
237 262 
234 242 
110 186 
212 266 
14 79 
221 285 
33 297 
249 284 
41 109 
130 201 
201 215 
17 75 
202 203 
20 273 
233 281 
1 13 
188 256 
243 261 
132 251 
129 294 
41 95 
47 101 
149 244 
19 299 
49 53 
67 267 
133 231 
93 99 
214 300 
147 242 
27 56 
9 272 
230 279 
253 283 
33 113 
183 294 
24 81 
38 42 
53 116 
207 236 
53 254 
165 206 
141 290 
1 202 
125 234 
148 231 
35 108 
62 251 
11 91 
5 135 
111 298 
85 179 
14 123 
2 160 
64 80 
158 239 
216 275 
7 142 
185 214 
151 279 
185 278 
125 140 
7 236 
94 136 
109 230 
90 160 
143 231 
4 137 
114 231 
99 107 
127 198 
260 272 
31 194 
27 224 
231 234 
34 100 
21 38 
67 212 
68 86 
241 251 
4 263 
102 275 
28 271 
28 177 
70 181 
28 211 
130 197 
91 177 
213 221 
183 227 
69 77 
203 267 
74 204 
131 191 
27 122 
128 186 
13 219 
199 232 
10 43 
38 55 
118 211 
211 236 
94 129 
104 273 
18 148 
210 252 
227 292 
56 273 
225 233 
63 201 
35 79 
55 287 
51 59 
118 246 
126 238 
84 129 
200 210 
136 242 
140 150 
51 71 
34 85 
140 291 
136 144 
267 287 
126 253 
174 275 
79 87 
107 211 
109 180 
55 251 
237 280 
96 273 
142 207 
147 231 
89 192 
71 273 
37 182 
185 223 
74 140 
171 278 
171 211 
266 282 
134 168 
96 269 
212 288 
17 268 
12 208 
44 141 
8 300 
69 148 
64 164 
121 255 
128 139 
54 123 
55 163 
120 209 
179 287 
137 200 
5 97 
59 238 
38 117 
178 211 
57 251 
61 144 
175 234 
174 186 
22 263 
1 58 
53 67 
8 234 
49 257 
101 190 
211 243 
148 255 
54 144 
129 183 
87 295 
85 139 
180 281 
120 225 
65 153 
144 226 
9 166 
243 283 
64 129 
19 235 
168 232 
14 142 
66 91 
65 125 
104 230 
86 268 
14 227 
150 231 
3 64 
74 269 
108 151 
76 194 
9 227 
11 75 
91 194 
3 276 
277 295 
161 233 
45 101 
