124 206 
176 215 
55 124 
141 294 
257 258 
129 214 
92 105 
101 272 
110 213 
46 219 
101 285 
167 242 
59 71 
111 123 
108 110 
140 188 
181 259 
149 287 
26 259 
84 99 
88 287 
80 81 
183 277 
68 136 
25 125 
96 189 
156 288 
173 250 
33 285 
159 187 
256 299 
102 167 
146 234 
48 178 
165 230 
95 233 
17 99 
132 177 
158 288 
165 203 
28 202 
164 180 
20 130 
13 43 
50 286 
132 240 
280 291 
277 299 
13 226 
90 299 
27 296 
8 300 
101 283 
66 69 
87 103 
63 201 
84 159 
27 104 
237 271 
184 289 
43 271 
77 159 
279 295 
96 146 
118 167 
208 251 
239 264 
1 178 
26 178 
112 214 
122 276 
22 176 
63 159 
171 183 
257 286 
145 287 
213 256 
127 219 
139 190 
147 299 
133 287 
111 204 
96 168 
3 285 
108 135 
155 200 
231 268 
13 186 
162 199 
207 263 
108 168 
192 203 
41 155 
85 144 
13 281 
10 81 
207 210 
45 179 
20 67 
13 27 
103 150 
137 160 
18 163 
189 194 
78 237 
96 148 
20 268 
28 198 
271 288 
155 272 
104 198 
11 260 
93 145 
178 239 
39 282 
120 206 
43 292 
3 233 
260 294 
138 269 
74 158 
256 262 
177 221 
104 181 
77 224 
184 217 
5 36 
112 170 
76 220 
205 272 
148 274 
32 179 
23 228 
60 74 
15 224 
101 251 
216 233 
134 262 
87 194 
3 171 
232 234 
96 122 
255 256 
91 163 
144 161 
36 262 
81 162 
93 290 
150 224 
105 214 
93 141 
41 68 
87 218 
103 274 
239 299 
190 263 
130 160 
67 148 
114 131 
37 174 
62 242 
22 249 
6 274 
182 234 
220 228 
175 285 
214 234 
57 107 
131 145 
34 82 
62 264 
41 96 
6 142 
104 161 
58 279 
125 242 
180 264 
1 266 
140 266 
258 267 
288 292 
131 162 
202 205 
232 291 
220 261 
152 258 
73 173 
110 299 
155 281 
159 263 
26 182 
56 257 
208 293 
132 244 
114 137 
139 161 
194 237 
124 135 
141 217 
37 40 
98 257 
226 279 
26 265 
94 197 
19 136 
15 297 
81 261 
129 202 
91 122 
25 54 
99 211 
272 293 
64 83 
76 113 
29 170 
92 187 
85 245 
226 300 
190 218 
114 247 
239 267 
62 275 
90 230 
40 73 
180 190 
71 276 
65 201 
142 177 
32 152 
9 54 
194 299 
29 270 
66 122 
50 223 
41 283 
49 229 
40 279 
60 254 
28 46 
40 41 
221 291 
24 281 
118 187 
37 112 
218 268 
130 161 
9 42 
105 157 
42 203 
24 129 
97 174 
59 279 
147 261 
172 277 
27 191 
155 247 
16 228 
116 185 
253 264 
166 181 
229 275 
86 243 
54 243 
124 211 
194 220 
42 195 
91 292 
33 46 
81 224 
40 263 
24 212 
102 274 
48 197 
216 240 
216 267 
60 184 
96 288 
24 165 
70 133 
60 77 
2 40 
37 293 
15 88 
25 162 
95 271 
60 144 
72 245 
128 140 
36 300 
79 181 
101 164 
41 152 
209 218 
161 257 
15 47 
42 150 
177 211 
31 128 
2 74 
119 192 
38 66 
50 64 
168 204 
15 45 
109 134 
31 272 
175 291 
1 120 
30 300 
23 112 
136 220 
159 289 
8 97 
186 285 
34 37 
3 57 
149 203 
125 261 
155 160 
41 275 
209 212 
85 147 
49 192 
10 236 
251 280 
95 287 
99 152 
213 269 
1 47 
10 11 
144 240 
31 223 
153 172 
47 81 
244 282 
21 60 
20 279 
223 271 
109 144 
204 214 
176 196 
26 271 
101 185 
63 85 
61 201 
261 300 
81 274 
20 204 
23 61 
126 227 
24 74 
262 297 
107 178 
81 250 
211 297 
39 153 
24 88 
204 271 
130 149 
3 202 
