46 70 
40 196 
289 290 
102 165 
129 284 
5 6 
151 293 
81 240 
262 281 
52 165 
144 174 
61 74 
135 185 
122 171 
39 143 
98 265 
68 196 
135 202 
137 280 
77 294 
131 212 
99 202 
57 139 
263 290 
4 148 
208 294 
85 127 
48 66 
151 271 
238 288 
60 97 
173 283 
4 19 
181 265 
216 267 
80 92 
38 75 
17 105 
132 194 
98 272 
228 239 
142 267 
97 270 
117 118 
53 214 
83 228 
150 290 
53 106 
210 266 
41 214 
44 268 
119 132 
95 191 
3 240 
174 234 
75 240 
15 60 
57 228 
41 42 
8 261 
87 203 
71 270 
257 276 
20 263 
10 173 
19 121 
98 106 
191 279 
115 209 
106 260 
167 275 
64 258 
11 45 
157 232 
118 259 
93 180 
210 242 
36 152 
118 300 
158 201 
100 154 
279 298 
91 262 
24 190 
102 219 
70 213 
39 235 
153 206 
194 230 
12 117 
52 181 
79 197 
137 248 
72 129 
98 129 
17 222 
32 42 
190 248 
10 71 
195 205 
274 281 
1 112 
11 34 
106 246 
79 292 
166 203 
209 236 
238 254 
75 114 
131 200 
53 231 
193 200 
5 97 
180 264 
30 73 
239 272 
25 178 
82 261 
50 222 
1 281 
136 142 
56 99 
213 240 
108 262 
229 266 
92 240 
57 190 
29 246 
114 148 
128 206 
73 122 
21 233 
4 49 
51 157 
249 285 
12 49 
19 119 
190 262 
249 287 
18 64 
34 82 
7 142 
198 289 
2 291 
65 194 
77 145 
68 189 
191 211 
13 59 
78 150 
128 132 
145 162 
133 294 
93 106 
22 278 
26 274 
30 213 
15 161 
66 98 
4 79 
66 144 
51 133 
137 162 
136 147 
195 201 
55 218 
27 52 
264 270 
2 19 
53 113 
37 50 
39 245 
32 36 
69 138 
44 181 
17 137 
223 254 
17 215 
126 149 
69 270 
98 216 
44 206 
178 197 
260 296 
101 238 
110 126 
20 167 
93 218 
47 161 
174 275 
5 149 
35 169 
24 278 
86 246 
60 239 
231 237 
79 188 
34 104 
147 234 
67 134 
20 296 
79 191 
179 261 
24 237 
89 236 
29 39 
203 269 
31 89 
111 151 
129 233 
186 295 
114 250 
51 176 
57 74 
94 247 
72 298 
111 269 
118 218 
211 284 
192 193 
61 122 
213 288 
93 257 
3 111 
133 246 
51 84 
153 172 
60 113 
109 119 
65 197 
26 255 
214 295 
105 212 
15 92 
254 289 
50 296 
8 26 
100 281 
6 139 
161 186 
111 124 
15 72 
116 275 
119 180 
87 202 
1 200 
38 256 
64 259 
222 296 
118 175 
158 232 
209 276 
15 200 
39 178 
61 248 
27 199 
13 33 
231 236 
122 146 
39 227 
121 154 
171 254 
46 229 
57 262 
38 121 
168 281 
128 251 
76 172 
174 184 
24 270 
141 258 
133 153 
155 177 
141 173 
150 255 
138 252 
89 123 
50 89 
138 296 
158 272 
152 264 
139 192 
217 285 
65 123 
213 253 
169 210 
183 274 
59 156 
108 127 
204 264 
140 264 
143 202 
151 283 
75 115 
55 273 
176 256 
92 277 
157 279 
24 287 
15 217 
213 300 
148 219 
154 299 
54 122 
224 277 
150 300 
68 269 
30 249 
64 241 
12 151 
173 214 
27 188 
54 163 
110 123 
16 248 
9 192 
109 278 
166 182 
46 101 
94 262 
103 238 
37 275 
169 191 
60 244 
54 159 
78 149 
35 76 
164 284 
136 239 
93 230 
19 166 
47 193 
26 140 
130 230 
227 297 
83 248 
108 264 
25 66 
36 73 
132 209 
80 199 
25 95 
164 183 
23 83 
134 237 
235 239 
70 186 
97 114 
31 285 
152 225 
35 216 
145 196 
18 135 
50 207 
180 230 
10 199 
90 223 
80 179 
36 72 
147 157 
